Starting log at 2022-06-10 00:21:03.383157

{
	Count : 7
	Injected : [ 3.9891097e-01 -4.8735198e-02  2.7521145e+00  1.7951888e+00
  6.1661810e-01 -2.6451355e-01  1.5544373e+00 -5.7023201e-02
  2.8490072e-01  7.1982366e-01  1.5830567e+00  9.7882104e-01
  9.7597316e-02  1.2093760e+00 -4.8663253e-01  1.3780748e+00
  6.9762462e-01 -4.3967584e-01 -9.8132372e-01  2.4936717e-02
 -1.5211537e+00  1.4097729e+00  1.3237166e+00  1.6052656e+00
 -6.4183891e-01  1.1450062e+00 -1.5472457e+00 -5.2496898e-01
 -2.4183184e-01 -1.0594008e+00 -5.3772593e-01  3.3764267e-01
  8.4899791e-02 -1.7754984e-01  9.5102292e-01  1.1401912e+00
 -5.2860552e-01  6.1559302e-01  1.6028572e+00  7.3280281e-01
 -1.0353931e+00  5.5019444e-01  9.9366486e-01 -3.7253457e-01
  4.9898000e+04 -6.8279791e-01 -3.8879445e-01 -7.4585718e-01
 -1.7202254e-01  1.3538475e-01 -3.4154630e+00  1.0287704e+00
 -1.0114075e+00  1.4470524e+00  1.2705526e+00 -1.1723239e-01
  1.6801269e-01 -1.1551162e+00 -1.5544540e+00  1.1445690e+00
 -5.7338566e-01 -1.1369845e+00  1.4744126e+00  7.8619868e-02]
	OpName : Ops.IDENTITY
	Original : [ 0.39891097 -0.0487352   2.7521145   1.7951888   0.6166181  -0.26451355
  1.5544373  -0.0570232   0.28490072  0.71982366  1.5830567   0.97882104
  0.09759732  1.209376   -0.48663253  1.3780748   0.6976246  -0.43967584
 -0.9813237   0.02493672 -1.5211537   1.4097729   1.3237166   1.6052656
 -0.6418389   1.1450062  -1.5472457  -0.524969   -0.24183184 -1.0594008
 -0.5377259   0.33764267  0.08489979 -0.17754984  0.9510229   1.1401912
 -0.5286055   0.615593    1.6028572   0.7328028  -1.0353931   0.55019444
  0.99366486 -0.37253457  1.558693   -0.6827979  -0.38879445 -0.7458572
 -0.17202254  0.13538475 -3.415463    1.0287704  -1.0114075   1.4470524
  1.2705526  -0.11723239  0.1680127  -1.1551162  -1.554454    1.144569
 -0.57338566 -1.1369845   1.4744126   0.07861987]
	Time : 0:00:00.007309
 }
{
	Count : 13
	Injected : [[[[-3.15206587e-01  1.40345888e-02 -9.68867540e-01 ...  3.94460410e-02
     1.53411537e-01 -3.71720254e-01]
   [-7.92494178e-01  8.96424413e-01  1.59287179e+00 ... -2.37028584e-01
    -8.91704142e-01 -1.61304724e+00]
   [ 5.78020066e-02  5.38404919e-02 -1.41780436e+00 ...  8.73578608e-01
     1.77272797e+00  1.26353037e+00]
   ...
   [ 6.57899082e-02 -8.12403500e-01 -1.63497961e+00 ... -2.93326050e-01
     6.08161092e-01 -7.52939761e-01]
   [ 2.02571884e-01 -9.68734980e-01 -1.26655889e+00 ... -8.66955891e-02
    -4.25539672e-01 -1.31608248e+00]
   [ 3.64752471e-01 -1.73222423e+00  1.71112609e+00 ... -2.98648119e-01
     5.83731830e-01 -6.91356659e-01]]

  [[-5.42946495e-02  2.02213264e+00 -1.14764524e+00 ... -2.84411497e-02
     4.89408642e-01 -2.70102650e-01]
   [-1.77658546e+00  6.44733980e-02 -9.47778404e-01 ...  2.95192420e-01
    -9.61899042e-01 -1.30168349e-01]
   [-1.25795937e+00 -8.77932608e-01  3.13517600e-01 ... -1.20933414e+00
     3.83193791e-01  4.33035582e-01]
   ...
   [ 7.42621839e-01  9.91354465e-01  9.41878319e-01 ... -7.31486201e-01
    -1.56504464e+00  7.75205433e-01]
   [-3.26883495e-01  6.48648739e-01 -2.99237341e-01 ...  1.07107961e+00
     1.66370738e+00 -8.02734435e-01]
   [-1.82629192e+00 -1.65437055e+00 -9.33535755e-01 ...  4.24223602e-01
     6.93999290e-01  9.85883653e-01]]

  [[ 9.90826607e-01  1.70846909e-01 -1.02890992e+00 ...  3.29248023e+00
    -7.60780573e-02 -3.99449170e-01]
   [ 1.69846320e+00 -1.55400205e-03  1.98973048e+00 ... -6.10319376e-01
    -8.82965267e-01  7.76435360e-02]
   [ 8.80900145e-01  1.62919271e+00 -9.07898247e-01 ... -3.42507005e-01
     1.89869750e+00  4.87798721e-01]
   ...
   [ 1.12915039e+00 -7.10802615e-01 -1.50195098e+00 ...  6.26539946e-01
     1.97762215e+00  1.29591441e+00]
   [-2.47398347e-01  2.67946005e-01  4.26597178e-01 ... -1.32025659e+00
     6.53732657e-01 -1.13050628e+00]
   [ 1.35700554e-01 -1.51897609e+00  2.45539927e+00 ...  1.21471703e+00
     6.11624420e-01  3.52284074e-01]]

  [[-7.46896744e-01  2.57515728e-01 -2.02677667e-01 ...  6.49391949e-01
    -2.37669811e-01 -5.63245714e-01]
   [ 3.50662053e-01 -6.65056944e-01 -9.89462376e-01 ...  1.08051278e-01
    -4.63651150e-01  5.02985358e-01]
   [-1.51451516e+00 -1.45162356e+00 -4.02525105e-02 ...  2.36476734e-01
     8.76761794e-01 -1.02284789e+00]
   ...
   [ 1.05229449e+00 -8.44194531e-01  1.57974243e-01 ... -9.76493955e-01
    -1.04597962e+00 -3.76859307e-01]
   [-1.14079332e+00  1.18148088e+00  1.01031470e+00 ...  7.88831413e-01
     7.20471084e-01  5.39707541e-01]
   [ 7.55108222e-02  3.87726009e-01 -5.84927678e-01 ... -1.73819196e+00
     7.88899958e-01  2.63185173e-01]]

  [[ 7.18640909e-02  5.46091735e-01 -7.65010476e-01 ... -1.82993948e-01
    -2.31544882e-01 -2.49716163e+00]
   [ 6.61047876e-01  8.05242300e-01 -9.55037832e-01 ... -4.51490998e-01
    -8.11990082e-01 -2.59516525e+00]
   [ 8.85271311e-01  6.74798489e-01 -1.06732142e+00 ... -1.41997826e+00
     2.13918149e-01  1.02737403e+00]
   ...
   [ 5.27979016e-01  9.80932474e-01 -2.96638101e-01 ... -9.32969153e-01
    -6.44682407e-01  1.15040576e+00]
   [-4.88555759e-01  2.04588127e+00  6.25977099e-01 ... -9.93137062e-02
     8.34297895e-01  3.53616029e-01]
   [-4.24500138e-01  5.28182924e-01  1.34698495e-01 ...  3.72896910e-01
     7.35785663e-02 -1.64442658e-01]]]


 [[[-4.75124091e-01  6.90125376e-02  2.08668327e+00 ... -1.74755618e-01
    -8.01919401e-02  7.62478635e-02]
   [-5.65464318e-01 -1.94766009e+00 -2.34099645e-02 ...  7.55617142e-01
    -9.55566943e-01 -1.86624730e+00]
   [-5.64620674e-01 -2.56123364e-01 -3.74485850e-01 ...  1.16681635e-01
    -2.83480316e-01 -1.78514874e+00]
   ...
   [ 1.09324133e+00  8.37579891e-02  3.92044000e-02 ...  7.72166193e-01
     1.34690750e+00 -3.19920212e-01]
   [-7.18360171e-02  1.52290154e+00  1.16902836e-01 ... -3.53010707e-02
     1.08971119e+00 -1.20881605e+00]
   [-1.92771399e+00  1.12424660e+00  7.53431797e-01 ... -4.14998770e-01
    -2.91951895e-01  9.84405935e-01]]

  [[-1.36945748e+00 -3.39954942e-01 -1.93894312e-01 ... -5.95731139e-01
    -5.65253139e-01  8.28962564e-01]
   [-5.85778117e-01 -1.91509247e+00 -5.43012381e-01 ... -2.43686408e-01
     4.18019623e-01  4.60217237e-01]
   [ 4.31518108e-01  1.13454238e-01  1.76644742e+00 ... -1.53265178e+00
    -8.00324380e-01 -1.60612524e+00]
   ...
   [-2.32124180e-01 -9.46107581e-02  1.88422656e+00 ...  1.64562643e+00
     5.96780300e-01  9.23053324e-02]
   [ 1.09405005e+00  2.49705005e+00 -5.57848573e-01 ... -1.39297891e+00
    -3.65637630e-01 -7.71695077e-01]
   [ 4.78764698e-02  6.11708999e-01 -4.54490818e-02 ... -3.56305808e-01
     2.32575327e-01  1.44018814e-01]]

  [[-1.84365809e-01  9.78697479e-01  1.96864390e+00 ...  2.75761575e-01
    -4.39806432e-01  9.56053376e-01]
   [ 8.86403143e-01  7.78152227e-01 -6.05432205e-02 ...  2.95477509e-01
    -4.26340193e-01 -7.69234359e-01]
   [-2.09568888e-01 -9.36371803e-01  6.61213100e-01 ...  2.12044492e-01
    -2.25174397e-01  9.59773839e-01]
   ...
   [ 1.94567129e-01 -1.43468380e-01  5.91135740e-01 ... -1.45402730e+00
     3.53733689e-01 -6.34801567e-01]
   [ 4.63290364e-01  1.30083513e+00  6.94402218e-01 ... -3.43652904e-01
     1.03827643e+00  1.13921297e+00]
   [ 5.41665018e-01 -3.43173116e-01 -3.64190787e-01 ...  3.42489958e-01
     2.73227262e+00  9.88101736e-02]]

  [[-2.61926353e-01  4.45354968e-01  3.92861992e-01 ...  1.17074549e+00
     7.96416402e-01  6.88202798e-01]
   [ 1.35262646e-02 -8.72602761e-01  6.79751158e-01 ... -1.74427605e+00
     1.71841168e+00 -1.55123794e+00]
   [ 8.93237412e-01  1.79841447e+00  1.17948696e-01 ...  5.71243644e-01
    -7.25970805e-01 -6.88408166e-02]
   ...
   [ 9.71166730e-01  1.58090007e+00  6.47274673e-01 ...  8.89738053e-02
     8.64289343e-01  1.43185806e+00]
   [ 7.32517958e-01  1.17636502e+00 -6.91623390e-01 ...  4.31364447e-01
    -6.03394449e-01  2.65548676e-01]
   [-3.03116024e-01 -4.38835382e-01 -5.06460369e-01 ...  2.16417050e+00
    -1.20126235e+00  8.92944634e-01]]

  [[ 7.60755777e-01 -9.04248834e-01  5.12067497e-01 ...  2.15245873e-01
     9.32822943e-01  8.34527612e-01]
   [-6.10725760e-01  6.21952116e-01  2.08949518e+00 ...  4.41601485e-01
     2.29820824e+00 -1.19240093e+00]
   [-6.96904063e-01 -5.13927937e-02 -1.22770381e+00 ... -1.63965106e-01
    -1.62039340e+00  1.85698703e-01]
   ...
   [ 5.16840518e-01 -3.28539312e-01  1.22346818e+00 ... -3.40308368e-01
     3.68577480e-01  3.32616806e-01]
   [ 1.71985304e+00  8.04917693e-01 -1.18765020e+00 ...  1.38655055e+00
    -2.18207896e-01 -1.35863650e+00]
   [ 1.34066188e+00  1.35441351e+00 -1.45042419e-01 ... -1.12410200e+00
    -7.90601492e-01 -8.22882831e-01]]]


 [[[-6.41701043e-01  3.95336509e-01 -4.00388360e-01 ... -1.15615857e+00
     1.21941662e+00 -7.60052919e-01]
   [-1.15985668e+00 -1.35457039e+00  7.73062527e-01 ... -2.03499705e-01
     6.01203442e-01  1.53782380e+00]
   [-5.41190624e-01 -1.44763875e+00  1.52847731e+00 ...  8.99684250e-01
    -1.24071264e+00  1.15117371e+00]
   ...
   [ 1.18066967e+00  1.35545146e+00  1.46174341e-01 ...  1.29181170e+00
     6.20643020e-01  1.90915063e-01]
   [ 2.56602502e+00  9.58676338e-01  5.81744492e-01 ... -1.04184830e+00
     1.12610018e+00  7.89864957e-01]
   [ 8.92780498e-02  8.92707467e-01 -2.80406326e-01 ... -4.09771092e-02
    -7.54851997e-01  1.53822458e+00]]

  [[ 9.36217681e-02 -1.05577695e+00  4.68419760e-01 ... -5.77501059e-01
    -7.28640676e-01 -1.20991874e+00]
   [-1.12910211e+00 -1.06565857e+00 -2.22099632e-01 ...  7.33021021e-01
     1.69309998e+00  1.12768203e-01]
   [-3.44595885e+00 -6.74778283e-01 -4.09401022e-02 ... -5.65571189e-01
    -9.75726247e-01  4.55756277e-01]
   ...
   [ 1.36244428e+00 -4.23148833e-02 -2.28406280e-01 ...  1.47793898e-02
    -8.03285062e-01 -1.70279086e-01]
   [-3.01601082e-01  1.19255173e+00 -1.33178687e+00 ... -1.01606190e+00
    -1.50434375e-01 -3.32279533e-01]
   [ 2.43911362e+00 -3.30835700e-01 -1.42639339e-01 ... -9.60761786e-01
    -7.03595757e-01  2.00300312e+00]]

  [[ 1.34107339e+00  2.06531262e+00 -1.23143546e-01 ...  6.99581802e-02
     1.07411492e+00 -7.01737642e-01]
   [ 6.30951345e-01 -2.37117082e-01  6.42565310e-01 ...  2.48717263e-01
    -4.78957593e-01 -1.05103350e+00]
   [ 1.32004738e+00 -1.18416786e+00 -5.90784848e-01 ... -8.40796828e-02
    -4.58773710e-02 -6.50447249e-01]
   ...
   [ 2.73733288e-01 -1.54399232e-03  1.58692330e-01 ... -4.03139293e-01
    -2.85513163e-01 -7.20339417e-01]
   [-6.05630696e-01 -2.81259209e-01 -1.25841558e+00 ... -9.04594958e-01
    -5.29740095e-01 -5.03469229e-01]
   [-5.37067771e-01 -2.87110329e-01  2.34160349e-01 ... -8.29781830e-01
     1.43924427e+00  1.71254113e-01]]

  [[-1.30503893e+00 -5.96350312e-01  1.49484769e-01 ... -4.04836595e-01
     7.35972285e-01 -1.28242826e+00]
   [ 1.58875421e-01 -1.00896180e+00 -2.35694218e+00 ...  1.35380459e+00
     1.98744182e-02  1.64179325e-01]
   [-2.21683443e-01 -9.47048962e-01 -5.44491053e-01 ...  5.99584699e-01
     5.72057724e-01 -3.94254059e-01]
   ...
   [-1.22432423e+00 -1.16294539e+00  3.78407300e-01 ...  1.03896534e+00
     8.21095705e-02  1.14785492e+00]
   [-1.23813188e+00 -4.93812352e-01  2.41520047e-01 ... -4.31438059e-01
     3.86943579e-01  1.02783151e-01]
   [-1.12555826e+00  1.26724958e+00 -7.71662593e-01 ...  8.98801804e-01
     1.21490002e+00 -2.86180794e-01]]

  [[ 5.99964678e-01 -7.54572093e-01 -1.23905182e+00 ... -9.02505219e-01
     1.49293029e+00  4.35872108e-01]
   [-1.10810244e+00 -8.29582989e-01  7.08912671e-01 ... -8.70271981e-01
     4.73476052e-02 -6.50205076e-01]
   [ 1.86890578e+00  6.77010953e-01  2.81399399e-01 ...  5.86725652e-01
    -3.69802803e-01 -1.46804333e-01]
   ...
   [ 6.54580891e-01  1.98240399e+00  5.01145959e-01 ... -1.18868738e-01
     6.87595546e-01  6.77837664e-03]
   [ 4.65469599e-01  5.97079277e-01  1.31181991e+00 ... -2.19713256e-01
    -5.59878349e-01 -3.70014012e-01]
   [ 1.12359428e+00 -2.17258811e+00 -7.24036336e-01 ...  1.35712004e+00
     2.40050280e-03 -2.08960906e-01]]]


 [[[-4.74078685e-01  6.31996468e-02 -7.89747059e-01 ... -1.55326390e+00
     1.29978764e+00  1.25915587e-01]
   [ 7.78837800e-01  1.51130006e-01 -3.90951812e-01 ...  1.06038308e+00
     1.33880687e+00  2.30902404e-01]
   [-1.11240256e+00 -5.60791731e-01  1.07990253e+00 ...  1.43986821e+00
    -5.71432471e-01  1.78358066e+00]
   ...
   [ 1.40847722e-02 -3.09237570e-01 -1.25269639e+00 ...  1.24842036e+00
     5.84234834e-01  8.64625514e-01]
   [-1.06850386e+00 -1.77933231e-01  5.27074575e-01 ...  1.85364735e+00
    -1.17666078e+00  1.19926929e+00]
   [ 8.69784355e-01  1.06824376e-01  3.49663943e-02 ... -1.11052036e+00
    -1.32586825e+00  6.62350893e-01]]

  [[-4.33213532e-01  1.20901735e-02 -1.56537816e-01 ... -9.38629881e-02
    -1.33560956e-01 -1.95187107e-01]
   [-6.06344938e-01  1.01627350e+00 -2.10505333e-02 ... -1.26071119e+00
     5.00178486e-02 -7.20353484e-01]
   [-3.36745381e-01 -4.80316639e-01  6.68975636e-02 ... -1.54030907e+00
     4.99042729e-03  2.18837246e-01]
   ...
   [-2.00273132e+00 -1.02874684e+00 -3.66367370e-01 ... -2.25727946e-01
    -1.16979271e-01  1.20304525e+00]
   [-8.21196198e-01  1.42039549e+00  1.26033950e+00 ... -8.95751357e-01
     4.17674184e-01 -2.07330242e-01]
   [ 4.53435749e-01  1.95475483e+00  3.71022552e-01 ... -1.38436949e+00
    -6.45605922e-01  3.67006302e-01]]

  [[-1.68220949e+00 -1.66583240e+00  2.25407407e-01 ... -1.00802588e+00
     3.29427183e-01  1.31627724e-01]
   [-1.35792696e+00  9.49184000e-01 -6.35942101e-01 ...  1.72129309e+00
     4.68465000e-01  4.70930368e-01]
   [-1.36995983e+00 -9.21848655e-01 -6.70710206e-01 ... -3.99326473e-01
     1.40170050e+00 -8.80427241e-01]
   ...
   [ 1.52826583e+00 -9.48500395e-01 -7.29363382e-01 ... -1.62315714e+00
    -1.13758254e+00  9.18950140e-01]
   [-2.47388437e-01  3.38686317e-01  3.96118499e-02 ... -1.25493658e+00
    -1.20064571e-01 -1.91516232e+00]
   [-7.32927382e-01 -6.58211768e-01  1.58824849e+00 ... -7.10825622e-01
     1.85528204e-01  5.61914682e-01]]

  [[ 1.63108408e+00  3.42638701e-01  1.28018582e+00 ...  4.64311719e-01
    -8.62782300e-01  1.08096230e+00]
   [-7.41120100e-01 -1.46914780e+00  9.99814153e-01 ...  7.96261251e-01
     2.05108070e+00 -1.49687803e+00]
   [-9.08623815e-01 -6.54615462e-01  8.13672960e-01 ...  1.47035086e+00
     1.09245574e+00 -1.23055555e-01]
   ...
   [-6.59766257e-01 -4.46588963e-01 -7.54708886e-01 ... -3.69634181e-01
    -1.84673533e-01  1.25341332e+00]
   [-1.79850256e+00 -5.51555514e-01 -8.77177596e-01 ... -1.02049744e+00
    -1.12229288e+00 -1.61330298e-01]
   [-5.34766614e-01 -1.31957322e-01  8.35054457e-01 ...  3.78604203e-01
     4.95432079e-01  3.32965463e-01]]

  [[-6.09942734e-01 -1.69975430e-01 -1.58739018e+00 ...  1.02612466e-01
    -1.35645664e+00  7.50162303e-02]
   [ 6.93479180e-02 -1.06601052e-01 -2.27988791e-02 ... -9.49698031e-01
    -1.60991561e+00 -1.04820049e+00]
   [ 1.15431166e+00  1.00848012e-01  4.02574271e-01 ... -9.84121740e-01
     5.02890468e-01  4.11986560e-01]
   ...
   [ 1.07463002e+00  6.46877810e-02 -8.44939470e-01 ...  1.24856079e+00
    -6.95027187e-02 -3.31780732e-01]
   [ 4.03175205e-01 -4.79097635e-01 -7.25864172e-02 ...  1.55093312e+00
     9.48814094e-01  9.15563047e-01]
   [-2.18216151e-01  4.77586746e-01 -5.17510116e-01 ...  1.27767324e+00
    -9.71942723e-01  9.26276803e-01]]]


 [[[ 7.90503561e-01 -7.98973024e-01 -9.08335686e-01 ... -1.31461680e+00
    -7.53472686e-01 -1.40017426e+00]
   [ 5.30168593e-01  9.52083766e-01 -5.57468951e-01 ...  8.61254334e-01
     6.69497252e-01  8.93221319e-01]
   [ 1.66859210e-01  1.38529575e+00  6.97459161e-01 ...  5.29752448e-02
    -2.18458462e+00  1.55850184e+00]
   ...
   [-8.30653727e-01  2.18385220e-01  2.42906141e+00 ...  3.71806651e-01
     5.98704040e-01 -1.71667445e+00]
   [-1.29893526e-01 -1.25222123e+00  1.18869960e+00 ...  1.18860364e-01
    -3.81965756e-01  3.45938385e-01]
   [ 2.13931584e+00 -4.16341871e-01  1.17504442e+00 ...  3.43345627e-02
    -2.29223713e-01 -9.94112611e-01]]

  [[ 3.69271636e-01 -7.74611413e-01 -3.80879223e-01 ... -9.65849459e-01
    -7.84608901e-01 -1.29192662e+00]
   [-5.31917095e-01  8.67426515e-01 -1.37788618e+00 ... -9.84046876e-01
    -5.18425465e-01  9.21653152e-01]
   [ 6.99691653e-01  6.15981854e-02  1.20483971e+00 ... -9.41103816e-01
     1.01926947e+00  1.49148285e-01]
   ...
   [ 2.48878524e-01  3.74200135e-01 -9.68167841e-01 ...  1.32985890e+00
    -8.25977981e-01 -4.62080002e-01]
   [ 1.73434699e+00  5.83199322e-01  1.51338065e+00 ...  1.13898730e+00
    -1.96377790e+00 -2.87363559e-01]
   [ 1.03543174e+00 -1.92035526e-01 -1.42974162e+00 ...  9.16902483e-01
    -5.85541427e-01 -3.01594973e-01]]

  [[-6.08318567e-01  9.11622405e-01  1.50159478e-01 ... -2.07643604e+00
     4.41041142e-01 -1.22945160e-02]
   [-6.75055563e-01  5.23951232e-01 -3.48014534e-01 ... -8.47878397e-01
     2.73340940e-01 -2.16657639e-01]
   [-1.64354753e+00 -4.48692730e-03  1.37288308e+00 ... -1.01171449e-01
    -2.08419561e-01  4.02958840e-01]
   ...
   [ 3.40545103e-02  3.77517253e-01  1.15074563e+00 ...  7.71446288e-01
     1.42988944e+00 -1.36702490e+00]
   [ 6.56202078e-01  6.65650427e-01 -9.26405907e-01 ... -1.66394436e+00
    -2.32100344e+00 -2.72936914e-02]
   [ 1.31334960e+00  3.49281728e-01  1.66692746e+00 ...  5.02266228e-01
    -7.24079072e-01 -1.01707792e+00]]

  [[ 2.63256103e-01  3.22178435e+00  2.52230257e-01 ... -1.06304297e-02
    -3.59306544e-01  1.20948470e+00]
   [ 2.49635673e+00  8.62219110e-02  3.39783430e-01 ...  4.65058118e-01
    -1.71455964e-01  8.53982985e-01]
   [ 6.07215106e-01  1.12477291e+00  2.30625343e+00 ...  1.11797941e+00
     4.09647524e-01  7.29731858e-01]
   ...
   [-4.60212797e-01 -3.78519446e-01  3.04959267e-01 ...  2.61590689e-01
     8.80647779e-01  8.74887705e-01]
   [ 6.70089841e-01  1.03051472e+00  3.98702696e-02 ... -7.61668742e-01
    -1.62918937e+00  3.13145447e+00]
   [-8.24275613e-01 -1.23697340e+00  1.12017572e+00 ...  1.37941766e+00
    -1.69361040e-01 -1.72473538e+00]]

  [[-1.10175848e+00  3.91468763e-01 -7.27667034e-01 ... -1.28846204e+00
     6.75535142e-01  6.14028990e-01]
   [-9.80256617e-01  5.02937019e-01  5.13675988e-01 ...  1.05642712e+00
     4.71957982e-01  6.06012642e-01]
   [ 2.64849490e-03 -1.78686511e-02  6.92611575e-01 ... -8.13108265e-01
    -1.40946925e+00 -5.40243328e-01]
   ...
   [ 4.50292304e-02  4.64661092e-01  1.22702628e-01 ... -3.09886038e-01
    -9.31672871e-01 -1.03348875e+00]
   [ 2.62520134e-01  9.96952951e-02  2.34319136e-01 ...  4.45100725e-01
    -6.82680011e-01 -8.32284510e-01]
   [-5.46395242e-01  1.01769137e+00  1.02387667e+00 ...  2.86833525e-01
    -2.37542912e-01  5.27193174e-02]]]]
	OpName : Ops.IDENTITY
	Original : [[[[-3.15206587e-01  1.40345888e-02 -9.68867540e-01 ...  3.94460410e-02
     1.53411537e-01 -3.71720254e-01]
   [-7.92494178e-01  8.96424413e-01  1.59287179e+00 ... -2.37028584e-01
    -8.91704142e-01 -1.61304724e+00]
   [ 5.78020066e-02  5.38404919e-02 -1.41780436e+00 ...  8.73578608e-01
     1.77272797e+00  1.26353037e+00]
   ...
   [ 6.57899082e-02 -8.12403500e-01 -1.63497961e+00 ... -2.93326050e-01
     6.08161092e-01 -7.52939761e-01]
   [ 2.02571884e-01 -9.68734980e-01 -1.26655889e+00 ... -8.66955891e-02
    -4.25539672e-01 -1.31608248e+00]
   [ 3.64752471e-01 -1.73222423e+00  1.71112609e+00 ... -2.98648119e-01
     5.83731830e-01 -6.91356659e-01]]

  [[-5.42946495e-02  2.02213264e+00 -1.14764524e+00 ... -2.84411497e-02
     4.89408642e-01 -2.70102650e-01]
   [-1.77658546e+00  6.44733980e-02 -9.47778404e-01 ...  2.95192420e-01
    -9.61899042e-01 -1.30168349e-01]
   [-1.25795937e+00 -8.77932608e-01  3.13517600e-01 ... -1.20933414e+00
     3.83193791e-01  4.33035582e-01]
   ...
   [ 7.42621839e-01  9.91354465e-01  9.41878319e-01 ... -7.31486201e-01
    -1.56504464e+00  7.75205433e-01]
   [-3.26883495e-01  6.48648739e-01 -2.99237341e-01 ...  1.07107961e+00
     1.66370738e+00 -8.02734435e-01]
   [-1.82629192e+00 -1.65437055e+00 -9.33535755e-01 ...  4.24223602e-01
     6.93999290e-01  9.85883653e-01]]

  [[ 9.90826607e-01  1.70846909e-01 -1.02890992e+00 ...  3.29248023e+00
    -7.60780573e-02 -3.99449170e-01]
   [ 1.69846320e+00 -1.55400205e-03  1.98973048e+00 ... -6.10319376e-01
    -8.82965267e-01  7.76435360e-02]
   [ 8.80900145e-01  1.62919271e+00 -9.07898247e-01 ... -3.42507005e-01
     1.89869750e+00  4.87798721e-01]
   ...
   [ 1.12915039e+00 -7.10802615e-01 -1.50195098e+00 ...  6.26539946e-01
     1.97762215e+00  1.29591441e+00]
   [-2.47398347e-01  2.67946005e-01  4.26597178e-01 ... -1.32025659e+00
     6.53732657e-01 -1.13050628e+00]
   [ 1.35700554e-01 -1.51897609e+00  2.45539927e+00 ...  1.21471703e+00
     6.11624420e-01  3.52284074e-01]]

  [[-7.46896744e-01  2.57515728e-01 -2.02677667e-01 ...  6.49391949e-01
    -2.37669811e-01 -5.63245714e-01]
   [ 3.50662053e-01 -6.65056944e-01 -9.89462376e-01 ...  1.08051278e-01
    -4.63651150e-01  5.02985358e-01]
   [-1.51451516e+00 -1.45162356e+00 -4.02525105e-02 ...  2.36476734e-01
     8.76761794e-01 -1.02284789e+00]
   ...
   [ 1.05229449e+00 -8.44194531e-01  1.57974243e-01 ... -9.76493955e-01
    -1.04597962e+00 -3.76859307e-01]
   [-1.14079332e+00  1.18148088e+00  1.01031470e+00 ...  7.88831413e-01
     7.20471084e-01  5.39707541e-01]
   [ 7.55108222e-02  3.87726009e-01 -5.84927678e-01 ... -1.73819196e+00
     7.88899958e-01  2.63185173e-01]]

  [[ 7.18640909e-02  5.46091735e-01 -7.65010476e-01 ... -1.82993948e-01
    -2.31544882e-01 -2.49716163e+00]
   [ 6.61047876e-01  8.05242300e-01 -9.55037832e-01 ... -4.51490998e-01
    -8.11990082e-01 -2.59516525e+00]
   [ 8.85271311e-01  6.74798489e-01 -1.06732142e+00 ... -1.41997826e+00
     2.13918149e-01  1.02737403e+00]
   ...
   [ 5.27979016e-01  9.80932474e-01 -2.96638101e-01 ... -9.32969153e-01
    -6.44682407e-01  1.15040576e+00]
   [-4.88555759e-01  2.04588127e+00  6.25977099e-01 ... -9.93137062e-02
     8.34297895e-01  3.53616029e-01]
   [-4.24500138e-01  5.28182924e-01  1.34698495e-01 ...  3.72896910e-01
     7.35785663e-02 -1.64442658e-01]]]


 [[[-4.75124091e-01  6.90125376e-02  2.08668327e+00 ... -1.74755618e-01
    -8.01919401e-02  7.62478635e-02]
   [-5.65464318e-01 -1.94766009e+00 -2.34099645e-02 ...  7.55617142e-01
    -9.55566943e-01 -1.86624730e+00]
   [-5.64620674e-01 -2.56123364e-01 -3.74485850e-01 ...  1.16681635e-01
    -2.83480316e-01 -1.78514874e+00]
   ...
   [ 1.09324133e+00  8.37579891e-02  3.92044000e-02 ...  7.72166193e-01
     1.34690750e+00 -3.19920212e-01]
   [-7.18360171e-02  1.52290154e+00  1.16902836e-01 ... -3.53010707e-02
     1.08971119e+00 -1.20881605e+00]
   [-1.92771399e+00  1.12424660e+00  7.53431797e-01 ... -4.14998770e-01
    -2.91951895e-01  9.84405935e-01]]

  [[-1.36945748e+00 -3.39954942e-01 -1.93894312e-01 ... -5.95731139e-01
    -5.65253139e-01  8.28962564e-01]
   [-5.85778117e-01 -1.91509247e+00 -5.43012381e-01 ... -2.43686408e-01
     4.18019623e-01  4.60217237e-01]
   [ 4.31518108e-01  1.13454238e-01  1.76644742e+00 ... -1.53265178e+00
    -8.00324380e-01 -1.60612524e+00]
   ...
   [-2.32124180e-01 -9.46107581e-02  1.88422656e+00 ...  1.64562643e+00
     5.96780300e-01  9.23053324e-02]
   [ 1.09405005e+00  2.49705005e+00 -5.57848573e-01 ... -1.39297891e+00
    -3.65637630e-01 -7.71695077e-01]
   [ 4.78764698e-02  6.11708999e-01 -4.54490818e-02 ... -3.56305808e-01
     2.32575327e-01  1.44018814e-01]]

  [[-1.84365809e-01  9.78697479e-01  1.96864390e+00 ...  2.75761575e-01
    -4.39806432e-01  9.56053376e-01]
   [ 8.86403143e-01  7.78152227e-01 -6.05432205e-02 ...  2.95477509e-01
    -4.26340193e-01 -7.69234359e-01]
   [-2.09568888e-01 -9.36371803e-01  6.61213100e-01 ...  2.12044492e-01
    -2.25174397e-01  9.59773839e-01]
   ...
   [ 1.94567129e-01 -1.43468380e-01  5.91135740e-01 ... -1.45402730e+00
     3.53733689e-01 -6.34801567e-01]
   [ 4.63290364e-01  1.30083513e+00  6.94402218e-01 ... -3.43652904e-01
     1.03827643e+00  1.13921297e+00]
   [ 5.41665018e-01 -3.43173116e-01 -3.64190787e-01 ...  3.42489958e-01
     2.73227262e+00  9.88101736e-02]]

  [[-2.61926353e-01  4.45354968e-01  3.92861992e-01 ...  1.17074549e+00
     7.96416402e-01  6.88202798e-01]
   [ 1.35262646e-02 -8.72602761e-01  6.79751158e-01 ... -1.74427605e+00
     1.71841168e+00 -1.55123794e+00]
   [ 8.93237412e-01  1.79841447e+00  1.17948696e-01 ...  5.71243644e-01
    -7.25970805e-01 -6.88408166e-02]
   ...
   [ 9.71166730e-01  1.58090007e+00  6.47274673e-01 ...  8.89738053e-02
     8.64289343e-01  1.43185806e+00]
   [ 7.32517958e-01  1.17636502e+00 -6.91623390e-01 ...  4.31364447e-01
    -6.03394449e-01  2.65548676e-01]
   [-3.03116024e-01 -4.38835382e-01 -5.06460369e-01 ...  2.16417050e+00
    -1.20126235e+00  8.92944634e-01]]

  [[ 7.60755777e-01 -9.04248834e-01  5.12067497e-01 ...  2.15245873e-01
     9.32822943e-01  8.34527612e-01]
   [-6.10725760e-01  6.21952116e-01  2.08949518e+00 ...  4.41601485e-01
     2.29820824e+00 -1.19240093e+00]
   [-6.96904063e-01 -5.13927937e-02 -1.22770381e+00 ... -1.63965106e-01
    -1.62039340e+00  1.85698703e-01]
   ...
   [ 5.16840518e-01 -3.28539312e-01  1.22346818e+00 ... -3.40308368e-01
     3.68577480e-01  3.32616806e-01]
   [ 1.71985304e+00  8.04917693e-01 -1.18765020e+00 ...  1.38655055e+00
    -2.18207896e-01 -1.35863650e+00]
   [ 1.34066188e+00  1.35441351e+00 -1.45042419e-01 ... -1.12410200e+00
    -7.90601492e-01 -8.22882831e-01]]]


 [[[-6.41701043e-01  3.95336509e-01 -4.00388360e-01 ... -1.15615857e+00
     1.21941662e+00 -7.60052919e-01]
   [-1.15985668e+00 -1.35457039e+00  7.73062527e-01 ... -2.03499705e-01
     6.01203442e-01  1.53782380e+00]
   [-5.41190624e-01 -1.44763875e+00  1.52847731e+00 ...  8.99684250e-01
    -1.24071264e+00  1.15117371e+00]
   ...
   [ 1.18066967e+00  1.35545146e+00  1.46174341e-01 ...  1.29181170e+00
     6.20643020e-01  1.90915063e-01]
   [ 2.56602502e+00  9.58676338e-01  5.81744492e-01 ... -1.04184830e+00
     1.12610018e+00  7.89864957e-01]
   [ 8.92780498e-02  8.92707467e-01 -2.80406326e-01 ... -4.09771092e-02
    -7.54851997e-01  1.53822458e+00]]

  [[ 9.36217681e-02 -1.05577695e+00  4.68419760e-01 ... -5.77501059e-01
    -7.28640676e-01 -1.20991874e+00]
   [-1.12910211e+00 -1.06565857e+00 -2.22099632e-01 ...  7.33021021e-01
     1.69309998e+00  1.12768203e-01]
   [-3.44595885e+00 -6.74778283e-01 -4.09401022e-02 ... -5.65571189e-01
    -9.75726247e-01  4.55756277e-01]
   ...
   [ 1.36244428e+00 -4.23148833e-02 -2.28406280e-01 ...  1.47793898e-02
    -8.03285062e-01 -1.70279086e-01]
   [-3.01601082e-01  1.19255173e+00 -1.33178687e+00 ... -1.01606190e+00
    -1.50434375e-01 -3.32279533e-01]
   [ 2.43911362e+00 -3.30835700e-01 -1.42639339e-01 ... -9.60761786e-01
    -7.03595757e-01  2.00300312e+00]]

  [[ 1.34107339e+00  2.06531262e+00 -1.23143546e-01 ...  6.99581802e-02
     1.07411492e+00 -7.01737642e-01]
   [ 6.30951345e-01 -2.37117082e-01  6.42565310e-01 ...  2.48717263e-01
    -4.78957593e-01 -1.05103350e+00]
   [ 1.32004738e+00 -1.18416786e+00 -5.90784848e-01 ... -8.40796828e-02
    -4.58773710e-02 -6.50447249e-01]
   ...
   [ 2.73733288e-01 -1.54399232e-03  1.58692330e-01 ... -4.03139293e-01
    -2.85513163e-01 -7.20339417e-01]
   [-6.05630696e-01 -2.81259209e-01 -1.25841558e+00 ... -9.04594958e-01
    -5.29740095e-01 -5.03469229e-01]
   [-5.37067771e-01 -2.87110329e-01  2.34160349e-01 ... -8.29781830e-01
     1.43924427e+00  1.71254113e-01]]

  [[-1.30503893e+00 -5.96350312e-01  1.49484769e-01 ... -4.04836595e-01
     7.35972285e-01 -1.28242826e+00]
   [ 1.58875421e-01 -1.00896180e+00 -2.35694218e+00 ...  1.35380459e+00
     1.98744182e-02  1.64179325e-01]
   [-2.21683443e-01 -9.47048962e-01 -5.44491053e-01 ...  5.99584699e-01
     5.72057724e-01 -3.94254059e-01]
   ...
   [-1.22432423e+00 -1.16294539e+00  3.78407300e-01 ...  1.03896534e+00
     8.21095705e-02  1.14785492e+00]
   [-1.23813188e+00 -4.93812352e-01  2.41520047e-01 ... -4.31438059e-01
     3.86943579e-01  1.02783151e-01]
   [-1.12555826e+00  1.26724958e+00 -7.71662593e-01 ...  8.98801804e-01
     1.21490002e+00 -2.86180794e-01]]

  [[ 5.99964678e-01 -7.54572093e-01 -1.23905182e+00 ... -9.02505219e-01
     1.49293029e+00  4.35872108e-01]
   [-1.10810244e+00 -8.29582989e-01  7.08912671e-01 ... -8.70271981e-01
     4.73476052e-02 -6.50205076e-01]
   [ 1.86890578e+00  6.77010953e-01  2.81399399e-01 ...  5.86725652e-01
    -3.69802803e-01 -1.46804333e-01]
   ...
   [ 6.54580891e-01  1.98240399e+00  5.01145959e-01 ... -1.18868738e-01
     6.87595546e-01  6.77837664e-03]
   [ 4.65469599e-01  5.97079277e-01  1.31181991e+00 ... -2.19713256e-01
    -5.59878349e-01 -3.70014012e-01]
   [ 1.12359428e+00 -2.17258811e+00 -7.24036336e-01 ...  1.35712004e+00
     2.40050280e-03 -2.08960906e-01]]]


 [[[-4.74078685e-01  6.31996468e-02 -7.89747059e-01 ... -1.55326390e+00
     1.29978764e+00  1.25915587e-01]
   [ 7.78837800e-01  1.51130006e-01 -3.90951812e-01 ...  1.06038308e+00
     1.33880687e+00  2.30902404e-01]
   [-1.11240256e+00 -5.60791731e-01  1.07990253e+00 ...  1.43986821e+00
    -5.71432471e-01  1.78358066e+00]
   ...
   [ 1.40847722e-02 -3.09237570e-01 -1.25269639e+00 ...  1.24842036e+00
     5.84234834e-01  8.64625514e-01]
   [-1.06850386e+00 -1.77933231e-01  5.27074575e-01 ...  1.85364735e+00
    -1.17666078e+00  1.19926929e+00]
   [ 8.69784355e-01  1.06824376e-01  3.49663943e-02 ... -1.11052036e+00
    -1.32586825e+00  6.62350893e-01]]

  [[-4.33213532e-01  1.20901735e-02 -1.56537816e-01 ... -9.38629881e-02
    -1.33560956e-01 -1.95187107e-01]
   [-6.06344938e-01  1.01627350e+00 -2.10505333e-02 ... -1.26071119e+00
     5.00178486e-02 -7.20353484e-01]
   [-3.36745381e-01 -4.80316639e-01  6.68975636e-02 ... -1.54030907e+00
     4.99042729e-03  2.18837246e-01]
   ...
   [-2.00273132e+00 -1.02874684e+00 -3.66367370e-01 ... -2.25727946e-01
    -1.16979271e-01  1.20304525e+00]
   [-8.21196198e-01  1.42039549e+00  1.26033950e+00 ... -8.95751357e-01
     4.17674184e-01 -2.07330242e-01]
   [ 4.53435749e-01  1.95475483e+00  3.71022552e-01 ... -1.38436949e+00
    -6.45605922e-01  3.67006302e-01]]

  [[-1.68220949e+00 -1.66583240e+00  2.25407407e-01 ... -1.00802588e+00
     3.29427183e-01  1.31627724e-01]
   [-1.35792696e+00  9.49184000e-01 -6.35942101e-01 ...  1.72129309e+00
     4.68465000e-01  4.70930368e-01]
   [-1.36995983e+00 -9.21848655e-01 -6.70710206e-01 ... -3.99326473e-01
     1.40170050e+00 -8.80427241e-01]
   ...
   [ 1.52826583e+00 -9.48500395e-01 -7.29363382e-01 ... -1.62315714e+00
    -1.13758254e+00  9.18950140e-01]
   [-2.47388437e-01  3.38686317e-01  3.96118499e-02 ... -1.25493658e+00
    -1.20064571e-01 -1.91516232e+00]
   [-7.32927382e-01 -6.58211768e-01  1.58824849e+00 ... -7.10825622e-01
     1.85528204e-01  5.61914682e-01]]

  [[ 1.63108408e+00  3.42638701e-01  1.28018582e+00 ...  4.64311719e-01
    -8.62782300e-01  1.08096230e+00]
   [-7.41120100e-01 -1.46914780e+00  9.99814153e-01 ...  7.96261251e-01
     2.05108070e+00 -1.49687803e+00]
   [-9.08623815e-01 -6.54615462e-01  8.13672960e-01 ...  1.47035086e+00
     1.09245574e+00 -1.23055555e-01]
   ...
   [-6.59766257e-01 -4.46588963e-01 -7.54708886e-01 ... -3.69634181e-01
    -1.84673533e-01  1.25341332e+00]
   [-1.79850256e+00 -5.51555514e-01 -8.77177596e-01 ... -1.02049744e+00
    -1.12229288e+00 -1.61330298e-01]
   [-5.34766614e-01 -1.31957322e-01  8.35054457e-01 ...  3.78604203e-01
     4.95432079e-01  3.32965463e-01]]

  [[-6.09942734e-01 -1.69975430e-01 -1.58739018e+00 ...  1.02612466e-01
    -1.35645664e+00  7.50162303e-02]
   [ 6.93479180e-02 -1.06601052e-01 -2.27988791e-02 ... -9.49698031e-01
    -1.60991561e+00 -1.04820049e+00]
   [ 1.15431166e+00  1.00848012e-01  4.02574271e-01 ... -9.84121740e-01
     5.02890468e-01  4.11986560e-01]
   ...
   [ 1.07463002e+00  6.46877810e-02 -8.44939470e-01 ...  1.24856079e+00
    -6.95027187e-02 -3.31780732e-01]
   [ 4.03175205e-01 -4.79097635e-01 -7.25864172e-02 ...  1.55093312e+00
     9.48814094e-01  9.15563047e-01]
   [-2.18216151e-01  4.77586746e-01 -5.17510116e-01 ...  1.27767324e+00
    -9.71942723e-01  9.26276803e-01]]]


 [[[ 7.90503561e-01 -7.98973024e-01 -9.08335686e-01 ... -1.31461680e+00
    -7.53472686e-01 -1.40017426e+00]
   [ 5.30168593e-01  9.52083766e-01 -5.57468951e-01 ...  8.61254334e-01
     6.69497252e-01  8.93221319e-01]
   [ 1.66859210e-01  1.38529575e+00  6.97459161e-01 ...  5.29752448e-02
    -2.18458462e+00  1.55850184e+00]
   ...
   [-8.30653727e-01  2.18385220e-01  2.42906141e+00 ...  3.71806651e-01
     5.98704040e-01 -1.71667445e+00]
   [-1.29893526e-01 -1.25222123e+00  1.18869960e+00 ...  1.18860364e-01
    -3.81965756e-01  3.45938385e-01]
   [ 2.13931584e+00 -4.16341871e-01  1.17504442e+00 ...  3.43345627e-02
    -2.29223713e-01 -9.94112611e-01]]

  [[ 3.69271636e-01 -7.74611413e-01 -3.80879223e-01 ... -9.65849459e-01
    -7.84608901e-01 -1.29192662e+00]
   [-5.31917095e-01  8.67426515e-01 -1.37788618e+00 ... -9.84046876e-01
    -5.18425465e-01  9.21653152e-01]
   [ 6.99691653e-01  6.15981854e-02  1.20483971e+00 ... -9.41103816e-01
     1.01926947e+00  1.49148285e-01]
   ...
   [ 2.48878524e-01  3.74200135e-01 -9.68167841e-01 ...  1.32985890e+00
    -8.25977981e-01 -4.62080002e-01]
   [ 1.73434699e+00  5.83199322e-01  1.51338065e+00 ...  1.13898730e+00
    -1.96377790e+00 -2.87363559e-01]
   [ 1.03543174e+00 -1.92035526e-01 -1.42974162e+00 ...  9.16902483e-01
    -5.85541427e-01 -3.01594973e-01]]

  [[-6.08318567e-01  9.11622405e-01  1.50159478e-01 ... -2.07643604e+00
     4.41041142e-01 -1.22945160e-02]
   [-6.75055563e-01  5.23951232e-01 -3.48014534e-01 ... -8.47878397e-01
     2.73340940e-01 -2.16657639e-01]
   [-1.64354753e+00 -4.48692730e-03  1.37288308e+00 ... -1.01171449e-01
    -2.08419561e-01  4.02958840e-01]
   ...
   [ 3.40545103e-02  3.77517253e-01  1.15074563e+00 ...  7.71446288e-01
     1.42988944e+00 -1.36702490e+00]
   [ 6.56202078e-01  6.65650427e-01 -9.26405907e-01 ... -1.66394436e+00
    -2.32100344e+00 -2.72936914e-02]
   [ 1.31334960e+00  3.49281728e-01  1.66692746e+00 ...  5.02266228e-01
    -7.24079072e-01 -1.01707792e+00]]

  [[ 2.63256103e-01  3.22178435e+00  2.52230257e-01 ... -1.06304297e-02
    -3.59306544e-01  1.20948470e+00]
   [ 2.49635673e+00  8.62219110e-02  3.39783430e-01 ...  4.65058118e-01
    -1.71455964e-01  8.53982985e-01]
   [ 6.07215106e-01  1.12477291e+00  2.30625343e+00 ...  1.11797941e+00
     4.09647524e-01  7.29731858e-01]
   ...
   [-4.60212797e-01 -3.78519446e-01  3.04959267e-01 ...  2.61590689e-01
     8.80647779e-01  8.74887705e-01]
   [ 6.70089841e-01  1.03051472e+00  3.98702696e-02 ... -7.61668742e-01
    -1.62918937e+00  3.13145447e+00]
   [-8.24275613e-01 -1.23697340e+00  1.12017572e+00 ...  1.37941766e+00
    -1.69361040e-01 -1.72473538e+00]]

  [[-1.10175848e+00  3.91468763e-01 -7.27667034e-01 ... -1.28846204e+00
     6.75535142e-01  6.14028990e-01]
   [-9.80256617e-01  5.02937019e-01  5.13675988e-01 ...  1.05642712e+00
     4.71957982e-01  6.06012642e-01]
   [ 2.64849490e-03 -1.78686511e-02  6.92611575e-01 ... -8.13108265e-01
    -1.40946925e+00 -5.40243328e-01]
   ...
   [ 4.50292304e-02  4.64661092e-01  1.22702628e-01 ... -3.09886038e-01
    -9.31672871e-01 -1.03348875e+00]
   [ 2.62520134e-01  9.96952951e-02  2.34319136e-01 ...  4.45100725e-01
    -6.82680011e-01 -8.32284510e-01]
   [-5.46395242e-01  1.01769137e+00  1.02387667e+00 ...  2.86833525e-01
    -2.37542912e-01  5.27193174e-02]]]]
	Time : 0:00:00.060286
 }

---------------------------------------
Done injections
