Starting log at 2022-06-10 00:21:03.382316

{
	Count : 4
	Injected : [-1.5044135e-01  1.7124276e+00 -4.7958128e-02 -1.1980784e+00
 -2.3498365e-01  3.4365693e-01 -1.4419571e-01  5.5798066e-01
  4.9898000e+04 -8.3776033e-01  1.0532168e+00  9.5428687e-01
  5.5095434e-01  6.9635278e-01 -3.1866696e-01 -9.9091333e-01
 -7.6227504e-01 -4.6982229e-02 -2.1273543e-01 -2.3721755e+00
 -9.9364035e-02  2.5829482e-01 -2.5775917e-02  5.7378465e-01
  2.4424900e-01  2.2193868e+00  8.9597934e-01  4.4246086e-01
 -1.0253894e+00  2.2598739e+00 -8.4540620e-02  1.4927179e+00]
	OpName : Ops.IDENTITY
	Original : [-0.15044135  1.7124276  -0.04795813 -1.1980784  -0.23498365  0.34365693
 -0.1441957   0.55798066  0.9251359  -0.8377603   1.0532168   0.9542869
  0.55095434  0.6963528  -0.31866696 -0.99091333 -0.76227504 -0.04698223
 -0.21273543 -2.3721755  -0.09936403  0.25829482 -0.02577592  0.57378465
  0.244249    2.2193868   0.89597934  0.44246086 -1.0253894   2.2598739
 -0.08454062  1.4927179 ]
	Time : 0:00:00.004630
 }
{
	Count : 9
	Injected : [ 1.4412801e+00 -7.6691902e-01 -6.8427253e-01  4.9898000e+04
 -9.8363042e-01  1.2352210e+00  1.9273521e-02  5.6447797e-02
 -1.7847042e+00 -8.4870285e-01]
	OpName : Ops.IDENTITY
	Original : [ 1.4412801  -0.766919   -0.6842725  -0.7695964  -0.9836304   1.235221
  0.01927352  0.0564478  -1.7847042  -0.84870285]
	Time : 0:00:00.017223
 }

---------------------------------------
Done injections
