Starting log at 2022-04-12 15:31:19.526322

{
	Count : 7
	Injected : [[[[-1.7290845   0.84428704  0.06952117 ...  0.13068761  1.0055546
    -1.6287607 ]
   [-1.6919774  -2.0547316  -0.0202513  ...  0.7503545   1.8918407
     0.495531  ]
   [-0.3069521   1.4785447  -1.0712097  ... -1.2411827  -1.1648073
    -0.2719921 ]
   ...
   [ 0.41081536 -0.22766677  0.36339486 ...  1.9062548  -0.6599569
    -0.88508844]
   [ 0.52574646 -1.0642216   0.19611718 ...  0.9096797   1.4945964
     0.4373002 ]
   [ 0.5721922  -1.9062519   0.3352226  ...  0.0178755   0.7891263
    -1.085602  ]]

  [[-0.11845113  0.04949768  0.7872871  ... -0.7206236  -1.2015086
    -0.48128363]
   [ 0.13607928  0.6595765  -2.1560626  ...  0.39019406 -0.01281361
     0.03269275]
   [-1.0529907  -0.3308254  -1.2641542  ... -0.4726098  -0.13765249
    -0.2512882 ]
   ...
   [ 1.3261588   1.1867999   0.2852658  ... -0.17852925  0.99228776
     0.21639435]
   [ 1.523128    2.163426   -0.91540635 ... -0.53004575 -1.8088061
     1.1815413 ]
   [ 0.8437399   1.4033198   0.9744078  ...  2.1864219  -0.30121112
     1.3591784 ]]

  [[-0.84601986  1.679671    0.10555827 ...  0.7623604  -0.09692945
     0.19493687]
   [ 1.7013689   0.6450441  -0.68545055 ...  1.3996818  -1.2922658
     0.54060626]
   [ 0.42334095  2.0655968   0.30750448 ... -0.9111013  -0.530664
     0.2181731 ]
   ...
   [ 0.9323242  -0.76359016  0.5158145  ...  1.0080944   0.756049
     0.7914992 ]
   [-0.01315563 -0.03254196 -0.15784174 ...  0.5838769  -1.0152117
     0.291192  ]
   [ 1.3594154   1.9065034  -0.22476251 ... -1.5194745  -0.40907156
    -0.25069612]]]


 [[[-1.13275     0.21866603  0.9464875  ... -1.9059566   0.10426469
     0.90662944]
   [ 0.5627727  -0.59907794 -0.27383536 ... -0.30527255  1.1697537
     0.9280874 ]
   [ 0.63727254  0.05109848 -0.60573345 ...  1.1944604  -0.5951639
     0.26131442]
   ...
   [ 1.3879503   1.229247    1.4929774  ... -0.15818861 -0.19861412
     0.19605817]
   [ 0.22208104  0.5327304   1.1982795  ... -1.7381816  -0.63986444
    -0.6578614 ]
   [-0.9062324   1.102483    0.3253091  ... -0.07106221  1.1644356
    -0.28040797]]

  [[ 0.85711163  0.05179882 -0.37913403 ...  1.5604815  -0.85442525
    -1.2134588 ]
   [-0.53733456 -0.63602924 -0.38340923 ...  0.4064509  -0.35646468
    -0.15501751]
   [-1.2052307   1.213648   -1.3261656  ...  0.6258331  -0.06474003
    -0.8584461 ]
   ...
   [ 1.0260082   0.91076326 -0.46023017 ...  0.35147354 -0.08074479
    -0.638707  ]
   [-0.9729622  -0.9383438  -0.15650184 ... -0.5325112  -0.67889917
    -0.19603498]
   [ 0.13798048 -1.0861756   2.0075715  ... -0.295627    0.49493414
    -1.538479  ]]

  [[ 1.5314177   0.9718533   0.86898124 ...  0.66224295  0.5089068
     0.64881307]
   [-0.21588676  0.92530984 -0.44743627 ...  0.60993356 -1.2198517
    -0.29249766]
   [ 1.565341    0.529165    1.327801   ... -0.9517866   1.2324431
     0.847506  ]
   ...
   [-1.5906314  -0.793688   -0.76616335 ... -2.1333477   0.11492249
     0.26116377]
   [ 1.1132262  -1.0964862   0.47850314 ... -1.2761531   1.0355722
     0.00388531]
   [ 1.9372511   0.16408549 -0.17089187 ...  0.4662882  -0.40749443
     2.2776113 ]]]


 [[[ 0.21284631  0.20648684 -0.5228     ... -0.48864204  0.29925945
     1.1297114 ]
   [-1.5605477   0.2864303  -0.509      ...  0.38336936  0.2240922
     0.797636  ]
   [-0.7695022  -1.6055815  -1.0249861  ...  1.396502   -1.0968151
     0.4693106 ]
   ...
   [ 0.61004597  0.94610703 -0.64155984 ...  0.04060039 -0.16048099
    -1.9643056 ]
   [-0.6496693  -0.3908261  -0.36274767 ...  0.74970806  0.06235038
     1.1490073 ]
   [ 0.15074727 -1.6528244   0.30930325 ... -0.4432595   0.16793256
    -1.3100948 ]]

  [[ 1.720126    0.5299191  -0.24944443 ...  0.58767277 -1.3291346
    -1.3850949 ]
   [-0.35303047  0.22109827  0.51639163 ... -1.6294215   2.1841846
    -1.1322794 ]
   [ 1.2987757  -0.48842216 -1.2918601  ...  0.83728355  1.8312377
    -0.01597703]
   ...
   [ 1.3681993  -0.55973595 -0.89656603 ... -0.306833   -0.47839224
    -0.16609408]
   [-0.57728106  1.6119756   0.37224916 ... -0.3485403  -0.706174
    -3.4030888 ]
   [ 0.71358883 -1.0134487   0.95665735 ... -1.1713219   1.1208242
     0.788875  ]]

  [[ 0.32169232 -0.21846277  0.87119585 ...  0.17775463  0.8661804
    -0.30392826]
   [-0.49193105 -0.5160841   0.4403556  ...  1.1475145  -0.287043
     0.36450675]
   [ 0.45283812  0.82036096 -1.2839128  ...  0.37815908  0.7908201
    -0.91268694]
   ...
   [ 0.80836356 -0.0206966  -1.0813886  ...  0.1793374   1.0245185
    -1.9288577 ]
   [ 0.6492391   1.438227    0.13558598 ... -1.0766122  -1.3376474
    -0.37979367]
   [-1.6254914  -1.3150332   0.6904773  ... -0.06224349 -1.0413651
    -1.4529563 ]]]]
	OpName : Ops.IDENTITY
	Original : [[[[-1.7290845   0.84428704  0.06952117 ...  0.13068761  1.0055546
    -1.6287607 ]
   [-1.6919774  -2.0547316  -0.0202513  ...  0.7503545   1.8918407
     0.495531  ]
   [-0.3069521   1.4785447  -1.0712097  ... -1.2411827  -1.1648073
    -0.2719921 ]
   ...
   [ 0.41081536 -0.22766677  0.36339486 ...  1.9062548  -0.6599569
    -0.88508844]
   [ 0.52574646 -1.0642216   0.19611718 ...  0.9096797   1.4945964
     0.4373002 ]
   [ 0.5721922  -1.9062519   0.3352226  ...  0.0178755   0.7891263
    -1.085602  ]]

  [[-0.11845113  0.04949768  0.7872871  ... -0.7206236  -1.2015086
    -0.48128363]
   [ 0.13607928  0.6595765  -2.1560626  ...  0.39019406 -0.01281361
     0.03269275]
   [-1.0529907  -0.3308254  -1.2641542  ... -0.4726098  -0.13765249
    -0.2512882 ]
   ...
   [ 1.3261588   1.1867999   0.2852658  ... -0.17852925  0.99228776
     0.21639435]
   [ 1.523128    2.163426   -0.91540635 ... -0.53004575 -1.8088061
     1.1815413 ]
   [ 0.8437399   1.4033198   0.9744078  ...  2.1864219  -0.30121112
     1.3591784 ]]

  [[-0.84601986  1.679671    0.10555827 ...  0.7623604  -0.09692945
     0.19493687]
   [ 1.7013689   0.6450441  -0.68545055 ...  1.3996818  -1.2922658
     0.54060626]
   [ 0.42334095  2.0655968   0.30750448 ... -0.9111013  -0.530664
     0.2181731 ]
   ...
   [ 0.9323242  -0.76359016  0.5158145  ...  1.0080944   0.756049
     0.7914992 ]
   [-0.01315563 -0.03254196 -0.15784174 ...  0.5838769  -1.0152117
     0.291192  ]
   [ 1.3594154   1.9065034  -0.22476251 ... -1.5194745  -0.40907156
    -0.25069612]]]


 [[[-1.13275     0.21866603  0.9464875  ... -1.9059566   0.10426469
     0.90662944]
   [ 0.5627727  -0.59907794 -0.27383536 ... -0.30527255  1.1697537
     0.9280874 ]
   [ 0.63727254  0.05109848 -0.60573345 ...  1.1944604  -0.5951639
     0.26131442]
   ...
   [ 1.3879503   1.229247    1.4929774  ... -0.15818861 -0.19861412
     0.19605817]
   [ 0.22208104  0.5327304   1.1982795  ... -1.7381816  -0.63986444
    -0.6578614 ]
   [-0.9062324   1.102483    0.3253091  ... -0.07106221  1.1644356
    -0.28040797]]

  [[ 0.85711163  0.05179882 -0.37913403 ...  1.5604815  -0.85442525
    -1.2134588 ]
   [-0.53733456 -0.63602924 -0.38340923 ...  0.4064509  -0.35646468
    -0.15501751]
   [-1.2052307   1.213648   -1.3261656  ...  0.6258331  -0.06474003
    -0.8584461 ]
   ...
   [ 1.0260082   0.91076326 -0.46023017 ...  0.35147354 -0.08074479
    -0.638707  ]
   [-0.9729622  -0.9383438  -0.15650184 ... -0.5325112  -0.67889917
    -0.19603498]
   [ 0.13798048 -1.0861756   2.0075715  ... -0.295627    0.49493414
    -1.538479  ]]

  [[ 1.5314177   0.9718533   0.86898124 ...  0.66224295  0.5089068
     0.64881307]
   [-0.21588676  0.92530984 -0.44743627 ...  0.60993356 -1.2198517
    -0.29249766]
   [ 1.565341    0.529165    1.327801   ... -0.9517866   1.2324431
     0.847506  ]
   ...
   [-1.5906314  -0.793688   -0.76616335 ... -2.1333477   0.11492249
     0.26116377]
   [ 1.1132262  -1.0964862   0.47850314 ... -1.2761531   1.0355722
     0.00388531]
   [ 1.9372511   0.16408549 -0.17089187 ...  0.4662882  -0.40749443
     2.2776113 ]]]


 [[[ 0.21284631  0.20648684 -0.5228     ... -0.48864204  0.29925945
     1.1297114 ]
   [-1.5605477   0.2864303  -0.509      ...  0.38336936  0.2240922
     0.797636  ]
   [-0.7695022  -1.6055815  -1.0249861  ...  1.396502   -1.0968151
     0.4693106 ]
   ...
   [ 0.61004597  0.94610703 -0.64155984 ...  0.04060039 -0.16048099
    -1.9643056 ]
   [-0.6496693  -0.3908261  -0.36274767 ...  0.74970806  0.06235038
     1.1490073 ]
   [ 0.15074727 -1.6528244   0.30930325 ... -0.4432595   0.16793256
    -1.3100948 ]]

  [[ 1.720126    0.5299191  -0.24944443 ...  0.58767277 -1.3291346
    -1.3850949 ]
   [-0.35303047  0.22109827  0.51639163 ... -1.6294215   2.1841846
    -1.1322794 ]
   [ 1.2987757  -0.48842216 -1.2918601  ...  0.83728355  1.8312377
    -0.01597703]
   ...
   [ 1.3681993  -0.55973595 -0.89656603 ... -0.306833   -0.47839224
    -0.16609408]
   [-0.57728106  1.6119756   0.37224916 ... -0.3485403  -0.706174
    -3.4030888 ]
   [ 0.71358883 -1.0134487   0.95665735 ... -1.1713219   1.1208242
     0.788875  ]]

  [[ 0.32169232 -0.21846277  0.87119585 ...  0.17775463  0.8661804
    -0.30392826]
   [-0.49193105 -0.5160841   0.4403556  ...  1.1475145  -0.287043
     0.36450675]
   [ 0.45283812  0.82036096 -1.2839128  ...  0.37815908  0.7908201
    -0.91268694]
   ...
   [ 0.80836356 -0.0206966  -1.0813886  ...  0.1793374   1.0245185
    -1.9288577 ]
   [ 0.6492391   1.438227    0.13558598 ... -1.0766122  -1.3376474
    -0.37979367]
   [-1.6254914  -1.3150332   0.6904773  ... -0.06224349 -1.0413651
    -1.4529563 ]]]]
	Time : 0:00:00.030423
 }
{
	Count : 16
	Injected : 0.0
	OpName : Ops.SUB
	Original : 0.0
	Time : 0:00:00.164144
 }
{
	Count : 22
	Injected : 1.0
	OpName : Ops.SUB
	Original : 1.0
	Time : 0:00:00.188483
 }
{
	Count : 26
	Injected : 1.0
	OpName : Ops.REALDIV
	Original : 1.0
	Time : 0:00:00.195917
 }

---------------------------------------
Done injections
