Starting log at 2022-04-12 15:31:19.529090

{
	Count : 8
	Injected : [-9.52543736e-01  1.07541728e+00 -3.38779874e-02  1.34401882e+00
  8.37001383e-01  5.33062160e-01  4.46920812e-01 -1.50241625e+00
 -1.20915854e+00  4.86156121e-02  2.69750625e-01 -1.58455467e+00
 -1.11825669e+00 -9.71606016e-01 -1.18661858e-01 -1.70045257e+00
 -7.20041215e-01 -4.46773350e-01 -2.02478275e-01  2.80925512e-01
 -9.95655298e-01  1.10584664e+00 -7.03008115e-01 -1.13938284e+00
  8.52069259e-02 -2.00589561e+00 -6.78161621e-01  5.53689599e-01
  2.52131820e-01 -2.77742416e-01  7.57723689e-01  6.54525161e-01
  1.68107390e+00  9.96337712e-01 -5.39964437e-01 -1.03420484e+00
  1.87597704e+00  1.49934220e+00 -2.83860471e-02  1.29423964e+00
 -3.76470000e-01  2.11193109e+00 -7.71128774e-01  3.46848816e-01
 -1.17632675e+00  4.35993850e-01 -1.11636019e+00  1.09438717e+00
  1.03839792e-01  2.16034316e-02 -8.66172373e-01  8.37313607e-02
 -1.92060754e-01 -3.75598967e-01  4.76878166e-01  1.64651239e+00
  1.53197467e+00 -3.76808196e-01 -1.26149619e+00 -1.86886668e-01
  2.22016394e-01 -4.72620428e-01 -1.19562554e+00  9.08980891e-02
 -3.40461493e-01 -6.68099880e-01  1.79757610e-01 -1.00675499e+00
 -1.66927814e-01 -3.61521572e-01  5.05177617e-01  3.62040848e-01
  1.24052572e+00  3.12495768e-01  7.09389389e-01 -1.19675994e+00
  6.53501973e-02 -1.52765024e+00  7.52255261e-01 -5.85554957e-01
 -1.74321324e-01 -1.66241539e+00 -1.08483708e+00  3.77185047e-01
  7.42953718e-01  2.93820482e-02 -4.65690583e-01  3.24008018e-01
 -1.98985946e+00  8.55502069e-01  2.13844776e-01 -9.89464402e-01
  1.19145608e+00 -2.92137474e-01 -1.69518936e+00  1.61895111e-01
  1.64980912e+00  1.16395760e+00  7.83227623e-01 -4.77709830e-01
 -1.05709267e+00  4.62540895e-01 -1.24482417e+00 -7.49547362e-01
 -7.39396393e-01 -3.39428663e-01 -1.63386256e-01  2.00746413e-02
  3.68971974e-01 -3.02588582e+00 -1.74679327e+00 -6.16144650e-02
 -2.26407573e-01 -7.83601522e-01  2.92952448e-01  4.82383460e-01
  3.06698710e-01  1.10709572e+00  1.14973581e+00  4.62020844e-01
  7.27430284e-01  1.73566326e-01 -3.57387304e-01  3.41144025e-01
 -8.11706960e-01 -2.12415338e+00 -2.40959004e-01  1.33823049e+00
 -1.18493962e+00 -5.67581654e-01  5.01272738e-01  1.62057543e+00
  7.08909273e-01  1.01608884e+00  1.09402096e+00 -4.02030110e-01
 -1.89118102e-01 -3.21603566e-01 -2.35132933e-01  1.18310697e-01
  3.31308603e-01  2.63244390e-01 -1.64563954e-01  8.38727832e-01
 -1.75078285e+00 -8.51637959e-01 -1.25052929e+00  8.79072487e-01
 -7.05182910e-01 -2.74409533e-01  9.86854076e-01 -5.77500999e-01
  1.79407845e+01  1.32962132e+00  1.09463227e+00 -4.26708423e-02
  1.06688118e+00  7.25872278e-01 -1.12999964e+00  8.43784690e-01
  4.46633786e-01 -1.70664310e-01  1.77615082e+00  2.57498443e-01
  1.49480510e+00 -1.74966240e+00 -1.08433795e+00 -3.64917725e-01
  2.19957733e+00  1.61380708e+00  7.81359076e-01 -1.22218680e+00
  1.14496279e+00 -1.50072002e+00 -1.41176033e+00 -2.49383956e-01
 -1.40602565e+00 -6.11106232e-02 -9.51650858e-01 -2.36941862e+00
 -8.73421788e-01 -4.75111425e-01  6.03015959e-01 -7.79087484e-01
 -1.46478355e+00 -6.70965314e-02  9.93062258e-01 -8.46780419e-01
 -9.52785015e-02  8.24638784e-01 -3.53112966e-01  2.92273253e-01
 -1.08023167e+00 -1.00629139e+00 -1.04441054e-01 -9.96792674e-01
 -1.81878841e+00 -7.19230890e-01  1.16927838e+00 -5.86183965e-01
  1.21643996e+00  1.92053890e+00 -1.48412514e+00  1.54249358e+00
  1.31946489e-01  1.31233096e+00  4.98862118e-01  1.97831020e-01
 -4.46872979e-01 -2.76112139e-01 -1.93182731e+00 -5.22738159e-01
  9.18572903e-01  9.37906206e-01  1.23320246e+00 -1.78903747e+00
  1.71328640e+00 -5.30897617e-01 -1.93492770e-02 -1.82777131e+00
  8.28225434e-01  1.58435300e-01  4.48548824e-01 -2.25885361e-01
 -6.93124592e-01  5.44227511e-02  1.33766174e+00  1.18415043e-01
 -4.67305660e-01 -2.35694289e+00  2.39103630e-01  3.97105329e-02
 -1.66493937e-01 -4.90788758e-01 -1.30162895e+00 -6.06790900e-01
  3.59658301e-01  2.76288390e-01  7.56455839e-01  5.50584137e-01
 -1.31557190e+00  1.36152768e+00 -5.49368620e-01 -2.73746324e+00
  1.01143324e+00 -1.74087390e-01 -8.13624501e-01  5.29349782e-03
 -1.64776957e+00 -8.27141643e-01 -3.05231959e-01 -1.27678204e+00
  9.49520350e-01  7.25290418e-01  3.41846466e-01  6.60258651e-01]
	OpName : Ops.IDENTITY
	Original : [-0.95254374  1.0754173  -0.03387799  1.3440188   0.8370014   0.53306216
  0.4469208  -1.5024163  -1.2091585   0.04861561  0.26975062 -1.5845547
 -1.1182567  -0.971606   -0.11866186 -1.7004526  -0.7200412  -0.44677335
 -0.20247827  0.2809255  -0.9956553   1.1058466  -0.7030081  -1.1393828
  0.08520693 -2.0058956  -0.6781616   0.5536896   0.25213182 -0.27774242
  0.7577237   0.65452516  1.6810739   0.9963377  -0.53996444 -1.0342048
  1.875977    1.4993422  -0.02838605  1.2942396  -0.37647     2.111931
 -0.7711288   0.34684882 -1.1763268   0.43599385 -1.1163602   1.0943872
  0.10383979  0.02160343 -0.8661724   0.08373136 -0.19206075 -0.37559897
  0.47687817  1.6465124   1.5319747  -0.3768082  -1.2614962  -0.18688667
  0.2220164  -0.47262043 -1.1956255   0.09089809 -0.3404615  -0.6680999
  0.17975761 -1.006755   -0.16692781 -0.36152157  0.5051776   0.36204085
  1.2405257   0.31249577  0.7093894  -1.1967599   0.0653502  -1.5276502
  0.75225526 -0.58555496 -0.17432132 -1.6624154  -1.0848371   0.37718505
  0.7429537   0.02938205 -0.46569058  0.32400802 -1.9898595   0.85550207
  0.21384478 -0.9894644   1.1914561  -0.29213747 -1.6951894   0.16189511
  1.6498091   1.1639576   0.7832276  -0.47770983 -1.0570927   0.4625409
 -1.2448242  -0.74954736 -0.7393964  -0.33942866 -0.16338626  0.02007464
  0.36897197 -3.0258858  -1.7467933  -0.06161446 -0.22640757 -0.7836015
  0.29295245  0.48238346  0.3066987   1.1070957   1.1497358   0.46202084
  0.7274303   0.17356633 -0.3573873   0.34114403 -0.81170696 -2.1241534
 -0.240959    1.3382305  -1.1849396  -0.56758165  0.50127274  1.6205754
  0.7089093   1.0160888   1.094021   -0.4020301  -0.1891181  -0.32160357
 -0.23513293  0.1183107   0.3313086   0.2632444  -0.16456395  0.83872783
 -1.7507828  -0.85163796 -1.2505293   0.8790725  -0.7051829  -0.27440953
  0.9868541  -0.577501    1.940784    1.3296213   1.0946323  -0.04267084
  1.0668812   0.7258723  -1.1299996   0.8437847   0.4466338  -0.17066431
  1.7761508   0.25749844  1.4948051  -1.7496624  -1.084338   -0.36491773
  2.1995773   1.6138071   0.7813591  -1.2221868   1.1449628  -1.50072
 -1.4117603  -0.24938396 -1.4060256  -0.06111062 -0.95165086 -2.3694186
 -0.8734218  -0.47511142  0.60301596 -0.7790875  -1.4647835  -0.06709653
  0.99306226 -0.8467804  -0.0952785   0.8246388  -0.35311297  0.29227325
 -1.0802317  -1.0062914  -0.10444105 -0.9967927  -1.8187884  -0.7192309
  1.1692784  -0.58618397  1.21644     1.9205389  -1.4841251   1.5424936
  0.13194649  1.312331    0.49886212  0.19783102 -0.44687298 -0.27611214
 -1.9318273  -0.52273816  0.9185729   0.9379062   1.2332025  -1.7890375
  1.7132864  -0.5308976  -0.01934928 -1.8277713   0.82822543  0.1584353
  0.44854882 -0.22588536 -0.6931246   0.05442275  1.3376617   0.11841504
 -0.46730566 -2.356943    0.23910363  0.03971053 -0.16649394 -0.49078876
 -1.301629   -0.6067909   0.3596583   0.2762884   0.75645584  0.55058414
 -1.3155719   1.3615277  -0.5493686  -2.7374632   1.0114332  -0.17408739
 -0.8136245   0.0052935  -1.6477696  -0.82714164 -0.30523196 -1.276782
  0.94952035  0.7252904   0.34184647  0.66025865]
	Time : 0:00:00.019803
 }
{
	Count : 15
	Injected : 0.0
	OpName : Ops.SUB
	Original : 0.0
	Time : 0:00:00.151787
 }
{
	Count : 21
	Injected : 1.0
	OpName : Ops.SUB
	Original : 1.0
	Time : 0:00:00.184800
 }
{
	Count : 25
	Injected : 1.0
	OpName : Ops.REALDIV
	Original : 1.0
	Time : 0:00:00.192092
 }

---------------------------------------
Done injections
