Starting log at 2022-04-12 15:31:19.516599

{
	Count : 5
	Injected : [[ 0.07851705  0.619776   -0.02954647 ...  0.02237514  1.0077239
  -0.34464332]
 [ 0.6433328  -1.3257174  -2.7781296  ... -0.01898802 -0.61575794
  -0.0997252 ]
 [ 2.2320418  -0.6914288  -0.95024353 ... -0.30870095  0.9814289
  -1.2217484 ]
 ...
 [ 1.0086783  -0.32297125 -0.9399739  ... -0.77166075  0.00292002
  -0.61635524]
 [ 0.4054324  -0.06583512  0.6119813  ... -0.2769002  -0.504367
   0.195842  ]
 [ 0.26280987 -0.15309873  0.14391944 ... -0.2369058  -0.36368987
   0.75068116]]
	OpName : Ops.IDENTITY
	Original : [[ 0.07851705  0.619776   -0.02954647 ...  0.02237514  1.0077239
  -0.34464332]
 [ 0.6433328  -1.3257174  -2.7781296  ... -0.01898802 -0.61575794
  -0.0997252 ]
 [ 2.2320418  -0.6914288  -0.95024353 ... -0.30870095  0.9814289
  -1.2217484 ]
 ...
 [ 1.0086783  -0.32297125 -0.9399739  ... -0.77166075  0.00292002
  -0.61635524]
 [ 0.4054324  -0.06583512  0.6119813  ... -0.2769002  -0.504367
   0.195842  ]
 [ 0.26280987 -0.15309873  0.14391944 ... -0.2369058  -0.36368987
   0.75068116]]
	Time : 0:00:00.015600
 }
{
	Count : 11
	Injected : [[[[-0.47985464  0.31756577  0.25849688 ... -1.5215697  -0.28925574
     0.25917864]
   [-1.4436738   0.30399597 -0.7965988  ... -0.5876953   1.1628103
    -0.40695658]
   [ 1.2688568   0.88723975  1.1525748  ... -0.72808754 -1.0602845
    -0.65221626]
   ...
   [-0.13150658  0.8188089  -1.165921   ... -0.2219767  -0.47193596
    -1.1293024 ]
   [-0.5103718  -1.0711439   0.16571763 ...  1.9039022   0.46163732
    -0.5199014 ]
   [-1.2922393  -0.87152416  0.7219118  ... -0.29598936  0.02292993
     1.0479168 ]]

  [[-2.3093991  -0.44852766 -0.01451695 ... -0.47071952  0.04567957
     0.11568075]
   [ 0.377437   -1.3344316  -0.22326821 ... -1.0681242  -0.70661193
    -1.2171092 ]
   [ 0.17441244 -0.56601435  1.3318592  ... -0.6992193   0.05359511
    -1.418403  ]
   ...
   [-1.1536022   1.1927319   0.41126853 ...  0.5881597  -0.40211308
    -1.8856064 ]
   [-0.3712549   0.01651273 -0.36731318 ... -0.9440646   0.21242528
    -0.06864115]
   [-0.4250139   0.4391799   1.3452178  ...  1.8193759  -0.5554097
     0.23610954]]

  [[-0.0909989   0.4764666  -0.72910863 ... -0.23217696 -0.348145
    -0.2694678 ]
   [ 0.228708    0.25920802 -1.0764962  ... -2.0869443   1.0039158
    -1.0039172 ]
   [ 1.043653    1.2011019  -0.26276568 ...  1.2028893   0.56090814
    -0.3562804 ]
   ...
   [ 2.0963535   0.08893585 -0.81915224 ...  0.8898552  -1.6224017
     1.054093  ]
   [-1.823229   -0.20372872 -0.6623046  ... -0.7076126  -1.0407367
    -0.94954807]
   [ 0.14073011  0.47409642 -0.13452573 ... -0.7330328   1.0540041
    -0.639901  ]]]


 [[[-0.7065877  -1.7448052   0.5312995  ... -0.9020417  -1.9399304
    -0.33713397]
   [ 0.2711812  -2.1610975   0.43803313 ... -0.10587146 -1.1919721
     0.00651822]
   [-1.4420848   1.482248    0.97615975 ... -1.2948971   0.08214717
    -0.4511052 ]
   ...
   [-0.3184351  -0.897427   -0.35294744 ...  0.26649174 -0.5925273
     0.8618794 ]
   [ 0.48639005  0.11730272  1.9380507  ...  1.5062943   1.0059483
     1.0854677 ]
   [ 1.1228245  -1.4891804   0.13624729 ...  0.3071123  -0.08008642
     1.0094726 ]]

  [[-1.3318112   0.797194    0.33317354 ...  0.63389504 -0.5530279
     0.17094342]
   [ 0.4086389   1.2967635   1.0820484  ...  0.42054573 -2.272831
    -0.3296253 ]
   [-0.9357957  -0.81989783  2.0163047  ... -0.12262832  0.58084816
    -0.6276251 ]
   ...
   [-0.34912124  0.54318506  1.5647678  ... -0.20657717  1.183589
    -0.36910877]
   [-0.22841507 -1.2475233  -1.2158575  ... -1.2594452  -2.3183317
    -0.9596361 ]
   [-1.3681334  -0.13669978 -1.7272892  ... -0.84413403 -0.9821308
    -0.01220494]]

  [[ 0.37552932  1.1073599   1.046039   ...  0.08755188  0.59291095
     0.8988148 ]
   [-0.58562976 -0.37649497 -1.7088     ... -0.21406668  2.0123837
     0.5100021 ]
   [-0.72755027 -0.7206568   1.1494845  ...  0.5863373  -1.7196755
    -0.06845898]
   ...
   [ 0.28744024 -0.1156883   0.7904389  ... -0.05619327  2.157286
    -1.712917  ]
   [-0.3644156   1.013896   -0.51093966 ...  1.093597    2.092125
     0.31611326]
   [ 0.52254367 -0.30551687  0.38487354 ... -1.5306154  -0.64868426
    -1.1510144 ]]]


 [[[-0.47780332 -1.4161673   1.378909   ...  1.4655627   0.06217268
    -0.9388985 ]
   [-1.2784758  -0.50441116 -0.61174476 ... -1.2935549  -0.6323022
     0.01704159]
   [-1.3555174  -0.88489085 -0.77035034 ...  1.3321471   1.48141
    -1.2542014 ]
   ...
   [-1.6955782  -1.3530777  -0.9444043  ... -0.16233651 -0.5628543
    -0.19412367]
   [ 0.5874405   0.42721826  0.09019223 ...  0.524133    2.0901833
    -0.56403273]
   [-0.25994754 -1.2658783   1.4360045  ...  0.4158281   1.4196129
    -0.78961146]]

  [[-0.11245867 -0.67202014 -0.5311234  ... -0.34740216 -1.4056364
    -1.2332977 ]
   [ 1.005519   -0.9845754   1.1677907  ... -2.9299996  -0.5979066
     0.9072276 ]
   [-0.73129904 -0.5521765  -0.43874022 ...  0.91196936  0.72435266
     0.69822186]
   ...
   [-0.08880807  0.3302935  -2.5244808  ... -0.72547597  0.03593948
    -0.5900775 ]
   [-0.66781706 -1.1656053  -0.37915006 ... -0.03109601  0.26951993
     0.51308787]
   [ 0.9947814   0.0887033  -0.4756128  ...  1.0726079   0.29053923
    -1.1478709 ]]

  [[-1.653613   -0.59183943  0.18697517 ... -0.39009663 -1.1643522
    -0.13480815]
   [ 1.1741202  -0.27962512  0.04919858 ... -0.21660586 -0.1533735
     1.4755994 ]
   [-0.49639285  0.32957947  2.7136972  ... -0.6127496  -1.6510458
    -1.658033  ]
   ...
   [-0.54699695 -1.2363516   0.919001   ... -0.43408623  0.48524043
    -1.0143169 ]
   [ 2.5219078   0.43428907  1.7214035  ...  1.6736387   2.1994705
     1.4896638 ]
   [ 0.19329087 -0.9871755   0.334772   ... -0.13210893  0.09847655
     0.93206686]]]]
	OpName : Ops.IDENTITY
	Original : [[[[-0.47985464  0.31756577  0.25849688 ... -1.5215697  -0.28925574
     0.25917864]
   [-1.4436738   0.30399597 -0.7965988  ... -0.5876953   1.1628103
    -0.40695658]
   [ 1.2688568   0.88723975  1.1525748  ... -0.72808754 -1.0602845
    -0.65221626]
   ...
   [-0.13150658  0.8188089  -1.165921   ... -0.2219767  -0.47193596
    -1.1293024 ]
   [-0.5103718  -1.0711439   0.16571763 ...  1.9039022   0.46163732
    -0.5199014 ]
   [-1.2922393  -0.87152416  0.7219118  ... -0.29598936  0.02292993
     1.0479168 ]]

  [[-2.3093991  -0.44852766 -0.01451695 ... -0.47071952  0.04567957
     0.11568075]
   [ 0.377437   -1.3344316  -0.22326821 ... -1.0681242  -0.70661193
    -1.2171092 ]
   [ 0.17441244 -0.56601435  1.3318592  ... -0.6992193   0.05359511
    -1.418403  ]
   ...
   [-1.1536022   1.1927319   0.41126853 ...  0.5881597  -0.40211308
    -1.8856064 ]
   [-0.3712549   0.01651273 -0.36731318 ... -0.9440646   0.21242528
    -0.06864115]
   [-0.4250139   0.4391799   1.3452178  ...  1.8193759  -0.5554097
     0.23610954]]

  [[-0.0909989   0.4764666  -0.72910863 ... -0.23217696 -0.348145
    -0.2694678 ]
   [ 0.228708    0.25920802 -1.0764962  ... -2.0869443   1.0039158
    -1.0039172 ]
   [ 1.043653    1.2011019  -0.26276568 ...  1.2028893   0.56090814
    -0.3562804 ]
   ...
   [ 2.0963535   0.08893585 -0.81915224 ...  0.8898552  -1.6224017
     1.054093  ]
   [-1.823229   -0.20372872 -0.6623046  ... -0.7076126  -1.0407367
    -0.94954807]
   [ 0.14073011  0.47409642 -0.13452573 ... -0.7330328   1.0540041
    -0.639901  ]]]


 [[[-0.7065877  -1.7448052   0.5312995  ... -0.9020417  -1.9399304
    -0.33713397]
   [ 0.2711812  -2.1610975   0.43803313 ... -0.10587146 -1.1919721
     0.00651822]
   [-1.4420848   1.482248    0.97615975 ... -1.2948971   0.08214717
    -0.4511052 ]
   ...
   [-0.3184351  -0.897427   -0.35294744 ...  0.26649174 -0.5925273
     0.8618794 ]
   [ 0.48639005  0.11730272  1.9380507  ...  1.5062943   1.0059483
     1.0854677 ]
   [ 1.1228245  -1.4891804   0.13624729 ...  0.3071123  -0.08008642
     1.0094726 ]]

  [[-1.3318112   0.797194    0.33317354 ...  0.63389504 -0.5530279
     0.17094342]
   [ 0.4086389   1.2967635   1.0820484  ...  0.42054573 -2.272831
    -0.3296253 ]
   [-0.9357957  -0.81989783  2.0163047  ... -0.12262832  0.58084816
    -0.6276251 ]
   ...
   [-0.34912124  0.54318506  1.5647678  ... -0.20657717  1.183589
    -0.36910877]
   [-0.22841507 -1.2475233  -1.2158575  ... -1.2594452  -2.3183317
    -0.9596361 ]
   [-1.3681334  -0.13669978 -1.7272892  ... -0.84413403 -0.9821308
    -0.01220494]]

  [[ 0.37552932  1.1073599   1.046039   ...  0.08755188  0.59291095
     0.8988148 ]
   [-0.58562976 -0.37649497 -1.7088     ... -0.21406668  2.0123837
     0.5100021 ]
   [-0.72755027 -0.7206568   1.1494845  ...  0.5863373  -1.7196755
    -0.06845898]
   ...
   [ 0.28744024 -0.1156883   0.7904389  ... -0.05619327  2.157286
    -1.712917  ]
   [-0.3644156   1.013896   -0.51093966 ...  1.093597    2.092125
     0.31611326]
   [ 0.52254367 -0.30551687  0.38487354 ... -1.5306154  -0.64868426
    -1.1510144 ]]]


 [[[-0.47780332 -1.4161673   1.378909   ...  1.4655627   0.06217268
    -0.9388985 ]
   [-1.2784758  -0.50441116 -0.61174476 ... -1.2935549  -0.6323022
     0.01704159]
   [-1.3555174  -0.88489085 -0.77035034 ...  1.3321471   1.48141
    -1.2542014 ]
   ...
   [-1.6955782  -1.3530777  -0.9444043  ... -0.16233651 -0.5628543
    -0.19412367]
   [ 0.5874405   0.42721826  0.09019223 ...  0.524133    2.0901833
    -0.56403273]
   [-0.25994754 -1.2658783   1.4360045  ...  0.4158281   1.4196129
    -0.78961146]]

  [[-0.11245867 -0.67202014 -0.5311234  ... -0.34740216 -1.4056364
    -1.2332977 ]
   [ 1.005519   -0.9845754   1.1677907  ... -2.9299996  -0.5979066
     0.9072276 ]
   [-0.73129904 -0.5521765  -0.43874022 ...  0.91196936  0.72435266
     0.69822186]
   ...
   [-0.08880807  0.3302935  -2.5244808  ... -0.72547597  0.03593948
    -0.5900775 ]
   [-0.66781706 -1.1656053  -0.37915006 ... -0.03109601  0.26951993
     0.51308787]
   [ 0.9947814   0.0887033  -0.4756128  ...  1.0726079   0.29053923
    -1.1478709 ]]

  [[-1.653613   -0.59183943  0.18697517 ... -0.39009663 -1.1643522
    -0.13480815]
   [ 1.1741202  -0.27962512  0.04919858 ... -0.21660586 -0.1533735
     1.4755994 ]
   [-0.49639285  0.32957947  2.7136972  ... -0.6127496  -1.6510458
    -1.658033  ]
   ...
   [-0.54699695 -1.2363516   0.919001   ... -0.43408623  0.48524043
    -1.0143169 ]
   [ 2.5219078   0.43428907  1.7214035  ...  1.6736387   2.1994705
     1.4896638 ]
   [ 0.19329087 -0.9871755   0.334772   ... -0.13210893  0.09847655
     0.93206686]]]]
	Time : 0:00:00.134871
 }
{
	Count : 20
	Injected : 1.0
	OpName : Ops.SUB
	Original : 1.0
	Time : 0:00:00.187207
 }

---------------------------------------
Done injections
