Starting log at 2022-04-12 15:31:19.514463

{
	Count : 1
	Injected : [-0.4772768  -0.05021691 -1.4144108  -0.01017886  1.047121    0.79919624
  1.5221757   0.18695547  0.34328204 -0.76273644]
	OpName : Ops.IDENTITY
	Original : [-0.4772768  -0.05021691 -1.4144108  -0.01017886  1.047121    0.92419624
  1.5221757   0.18695547  0.34328204 -0.76273644]
	Time : 0:00:00.012575
 }
{
	Count : 8
	Injected : [ 0.6495911  -1.3511631   0.2761076  ...  0.75718206  0.4807456
 -0.29764494]
	OpName : Ops.IDENTITY
	Original : [ 0.6495911  -1.3511631   0.2761076  ...  0.75718206  0.4807456
 -0.29764494]
	Time : 0:00:00.035728
 }
{
	Count : 10
	Injected : [[[[ 1.06813443e+00 -1.70813829e-01  1.92448020e-01  7.31901407e-01
    -1.73994422e+00 -6.32457256e-01  2.72196561e-01 -7.63801217e-01
     1.03977792e-01 -3.33340466e-02  1.16867793e+00 -3.12692851e-01
    -1.05380774e+00 -2.18509868e-01  1.90189791e+00 -4.72820312e-01
    -1.70209348e+00 -1.37862217e+00 -1.71486902e+00  1.57099426e+00
    -1.42105114e+00 -1.41240501e+00 -2.70439148e+00  9.54137370e-02
     6.23315215e-01  9.28799033e-01  5.19950032e-01 -2.15913489e-01
     7.07682371e-01  1.21585929e+00 -1.21482886e-01  7.18184471e-01
     1.83118057e+00  1.27980039e-01 -1.72625229e-01  2.14808248e-02
    -8.62110198e-01  4.33958441e-01 -5.62671721e-01 -1.20551705e+00
    -8.55187953e-01 -7.87385285e-01 -1.00370741e+00  6.02781177e-01
     1.17829633e+00  1.03648297e-01 -6.85889959e-01 -1.79701400e+00
     7.99556494e-01  1.63235161e-02  7.62170181e-02  2.42419809e-01
     1.07929194e+00 -1.44133043e+00 -3.23832482e-01  8.61734211e-01
    -1.65610003e+00  5.66778004e-01  7.13770747e-01  1.52070999e+00
    -9.89284396e-01 -3.51969987e-01 -3.16599458e-01 -1.45045269e+00]]

  [[ 4.68734652e-02  5.80530465e-01 -2.05024287e-01 -1.96627691e-01
    -8.51371884e-01 -1.37588584e+00 -3.39945376e-01  1.20271659e+00
    -1.56421053e+00  2.58531392e-01 -1.01441765e+00 -2.56971061e-01
    -1.68289453e-01 -5.96626759e-01  6.03446662e-01  2.58890569e-01
     2.59655267e-01  6.20317817e-01  4.75967407e-01  2.99495943e-02
    -1.28508657e-01 -1.35859954e+00  1.00713611e+00 -6.06561720e-01
    -1.90252602e+00  5.64074516e-01  1.82388350e-01 -1.05834737e-01
    -8.35066319e-01 -9.71489489e-01  1.76433599e+00  5.97859800e-01
     3.87877166e-01 -2.65668607e+00 -5.14375269e-01 -1.02748662e-01
    -2.15549961e-01 -1.61237574e+00  5.68913043e-01  9.24094677e-01
    -2.37018056e-02  1.21707439e+00  3.38494480e-02 -5.66823125e-01
    -3.36896479e-01  7.25213766e-01  1.12678848e-01  7.55018294e-02
     1.07487941e+00 -1.16386986e+00 -1.37362587e+00  1.72181390e-02
     1.75366402e-01 -1.26755154e+00  1.60679877e+00 -1.64384305e+00
    -1.50631964e-02  1.45874977e+00 -3.73450160e-01  4.02173966e-01
    -4.80829597e-01 -7.66846314e-02  1.25440314e-01  4.50082779e-01]]

  [[-2.46898040e-01  1.31706750e+00  1.04771920e-01 -4.98070046e-02
    -8.45280290e-01 -5.34035079e-02 -9.39808428e-01  2.57990694e+00
    -4.12886590e-01  6.40347064e-01  4.08530474e-01  9.65117216e-01
    -4.05204386e-01 -4.96571630e-01 -5.97390711e-01 -1.49204564e+00
    -2.36211210e-01 -6.11951828e-01  3.45500410e-01 -8.08314264e-01
     2.42134809e-01  1.19581652e+00 -6.95302665e-01  2.65681952e-01
     1.65063751e+00 -1.64356112e+00  8.56865823e-01  1.68346906e+00
    -7.93183316e-03  1.39520094e-01  1.03220999e+00 -9.96902287e-01
    -2.36158466e+00  7.05593750e-02  1.40060234e+00  8.38871360e-01
     2.13416314e+00 -2.38452703e-01 -1.07122445e+00  5.85820913e-01
     1.78985214e+00 -6.60891354e-01 -4.06586468e-01  6.16841614e-01
    -8.25550020e-01 -7.60888159e-01  3.52536365e-02 -9.60447609e-01
    -5.92610300e-01 -1.62418091e+00 -4.32886928e-01  1.95555195e-01
    -3.59244794e-01  3.04949015e-01  1.68087855e-01  2.43500516e-01
    -1.10347085e-01  1.05421059e-02 -6.05760105e-02 -5.23159444e-01
    -3.81855458e-01 -3.95286113e-01 -2.30351403e-01 -1.63889635e+00]]]


 [[[ 2.09933352e+00  4.13205922e-01 -4.26958263e-01  3.46022159e-01
     1.28903615e+00  6.99416876e-01  2.57010198e+00 -3.91230941e-01
     2.66870141e+00  4.01760101e-01  7.71653116e-01  3.40920210e-01
    -4.53899264e-01  2.34817243e+00  1.70314360e+00 -2.49687791e-01
     6.17097877e-02 -6.32934272e-02 -6.73231304e-01  3.23524594e-01
    -5.06709039e-01  2.07528186e+00  7.50873923e-01  1.01553142e+00
    -8.06899965e-01 -1.31725445e-01  5.26241437e-02 -4.67302710e-01
     8.68124962e-01  2.97825903e-01  1.31184864e+00 -4.33223605e-01
    -9.33576822e-01  1.33822715e+00 -4.01281193e-02 -1.82017803e-01
    -7.84700513e-01 -3.96441370e-02  3.61617625e-01 -1.70039678e+00
    -2.51645982e-01  3.86990100e-01  2.54501015e-01 -3.04843634e-01
     9.27845299e-01 -1.08493245e+00 -8.58079016e-01 -4.43312466e-01
     1.86302602e+00 -2.87288934e-01  8.71660292e-01  5.59901834e-01
    -7.20330607e-03  9.79606628e-01 -1.88524023e-01 -8.83947313e-01
     1.08689570e+00  2.22418606e-02  1.17779970e+00 -2.10565853e+00
    -1.00877917e+00  7.29157865e-01  1.72618881e-01  1.18175375e+00]]

  [[-2.80115843e-01 -5.22672951e-01  1.64458132e+00 -1.16437948e+00
     4.75128561e-01 -3.32326978e-01 -4.69143271e-01  7.64038861e-01
    -1.35055885e-01 -3.85937579e-02  4.80724335e-01  1.01821315e+00
     9.13533926e-01 -8.02069783e-01 -5.99116921e-01 -1.72737277e+00
     8.33282590e-01 -3.57482135e-01  9.03420001e-02  2.85478473e-01
    -2.25713301e+00 -7.49684453e-01 -3.15576553e-01  2.48283195e+00
    -1.33106697e+00  4.61416543e-01  1.59123909e+00 -5.27243972e-01
     1.27393097e-01 -8.95234585e-01  1.34789681e+00 -4.41192478e-01
    -3.67239654e-01 -1.02883339e+00 -9.60001290e-01 -3.27232838e-01
     6.40415549e-01  1.62391424e+00  2.09736869e-01  1.90544677e+00
    -1.21183276e+00 -1.33304107e+00  1.27931166e+00  5.01131177e-01
    -1.14538348e+00  1.31245601e+00 -6.88921213e-01 -1.02155499e-01
    -1.22917686e-02  9.93209124e-01  5.73186874e-01 -1.74443507e+00
     3.89893144e-01  1.01069883e-02  3.68661173e-02 -8.13270569e-01
     8.36311936e-01 -9.99451339e-01  1.65843010e+00  5.24717152e-01
     1.28349185e+00 -3.01822162e+00 -1.56116158e-01  1.33913708e+00]]

  [[ 1.33665848e+00 -4.33859140e-01  7.72460878e-01 -9.37792063e-01
     1.25764215e+00 -1.61057186e+00 -7.79645681e-01 -9.65189561e-02
     5.09648383e-01  1.36880076e+00  1.20489144e+00 -6.72978580e-01
    -6.78264081e-01 -1.16084129e-01 -6.81739926e-01 -3.64106268e-01
     2.70548433e-01  1.09032643e+00 -5.47406137e-01 -1.93996990e+00
     1.28135920e+00  9.80891526e-01 -2.23500490e+00 -6.10050559e-01
     8.39786172e-01 -1.85616040e+00  3.86127770e-01 -7.73848236e-01
     8.48686337e-01 -3.95465493e-01 -5.66335976e-01 -7.36243948e-02
    -5.98170459e-01 -2.33374968e-01 -1.15486288e+00 -3.06329638e-01
    -3.72923821e-01  1.49995732e+00 -9.39990580e-01  3.21720690e-01
    -3.27557921e-02 -6.29800916e-01 -1.90124601e-01 -1.23282984e-01
     7.05117583e-01 -1.52275395e+00  1.71796367e-01  3.67534220e-01
    -2.79118448e-01 -2.79350966e-01 -4.66192007e-01 -6.38767123e-01
     8.91994536e-01 -1.46177924e+00 -1.05216241e+00  3.10357679e-02
     1.53189689e-01  2.77030557e-01  1.13221452e-01  6.18200481e-01
    -3.94663393e-01  6.86613679e-01  5.79961725e-02 -3.65092278e-01]]]


 [[[ 9.92487133e-01  1.00079566e-01 -8.85175228e-01 -7.08097756e-01
     7.76011229e-01 -1.06909907e+00 -3.03534359e-01 -6.86350644e-01
     1.73305511e+00  3.13986123e-01 -5.11445105e-01 -3.09322685e-01
    -2.21356273e+00 -1.07551074e+00 -2.54391813e+00 -3.82670730e-01
    -5.95163047e-01 -9.75863218e-01  1.35421360e+00 -5.12125854e+02
     4.88886386e-01  5.85956573e-01 -1.66503177e-03  1.10060692e+00
    -1.52529418e+00  1.24606657e+00 -9.28143859e-01  1.27118778e+00
    -5.91014624e-01  1.37230766e+00  1.01418182e-01 -1.41472459e-01
    -1.23068988e-01 -2.34104067e-01  9.76164281e-01 -4.89913613e-01
    -1.56170111e-02  2.32618853e-01 -1.15519571e+00 -1.54909968e+00
    -6.53603315e-01  1.07608700e+00  2.53547251e-01  2.13413477e+00
    -1.17687953e+00  5.54440796e-01 -2.13778710e+00 -3.09425026e-01
     4.73737091e-01 -1.27177107e+00  1.44502163e+00  9.20414507e-01
    -3.90940219e-01 -1.73076439e+00 -9.55699235e-02 -1.32177377e+00
     3.16564292e-01 -4.26024944e-02  1.02759671e+00  5.94802380e-01
     5.88641703e-01 -2.64620870e-01  5.51347613e-01  1.23471402e-01]]

  [[-2.23546192e-01 -1.80421138e+00 -3.59679103e-01  2.49592587e-02
    -2.39946455e-01 -2.23410702e+00 -1.03262258e+00  7.02695310e-01
     2.60718048e-01 -7.13473797e-01 -7.94640839e-01  2.61318016e+00
    -8.79902542e-01  2.91188747e-01  5.85205734e-01  1.05785525e+00
    -6.02307975e-01 -3.10001105e-01  1.53414154e+00  3.11093867e-01
    -4.56626564e-01 -1.79927588e+00  3.36846530e-01 -1.69186509e+00
     4.19734538e-01 -3.84144813e-01  3.06269199e-01  3.45127612e-01
    -1.42461807e-01 -1.58631790e+00 -3.26553911e-01 -1.06080163e+00
     8.18028092e-01 -5.97839244e-02 -6.44644260e-01  1.64222372e+00
    -9.15461361e-01 -6.37749195e-01 -1.19833658e-02  1.16690588e+00
    -1.54688582e-01 -4.59580988e-01  6.81101084e-02 -3.76873761e-01
     6.27736673e-02 -1.98006749e+00 -8.60786363e-02 -2.91429102e-01
     4.88169432e-01 -2.39464626e-01  6.12583756e-02 -1.54403377e+00
     2.52400112e+00  2.26761699e-01 -4.41889971e-01 -1.04070890e+00
     2.01224828e+00 -5.05074440e-03  1.29413915e+00 -2.78696156e+00
    -6.15661502e-01 -7.72882044e-01 -2.66279131e-01 -2.91309327e-01]]

  [[ 1.67357481e+00  5.28796136e-01 -9.22570765e-01 -4.35325742e-01
     8.61265659e-02  9.81631815e-01 -7.17702627e-01  5.69904268e-01
    -1.32056630e+00 -5.73382676e-01 -1.13401115e+00 -1.17861521e+00
     4.08383599e-03  9.43295538e-01 -1.59782386e+00  1.06786585e+00
    -5.90733826e-01 -2.23509550e-01  6.89666927e-01  8.02600265e-01
    -7.80644119e-01 -9.24319550e-02  1.53050646e-01 -5.26889503e-01
    -3.00969988e-01 -3.48240197e-01  1.32476223e+00  5.82968533e-01
    -9.35460627e-01  1.66083670e+00 -8.76586199e-01 -2.41886526e-01
    -1.68211043e+00 -1.39858961e+00 -6.72873735e-01 -1.44678640e+00
    -3.91183078e-01 -2.68920779e-01 -6.54319048e-01 -6.02052748e-01
    -1.28626555e-01  1.63417900e+00  8.94096851e-01 -1.28001654e+00
     9.91020918e-01 -1.12717092e+00 -2.41797850e-01 -1.21349084e+00
    -1.27724874e+00  2.57615745e-01  1.23347080e+00 -2.08199129e-01
     1.71790457e+00 -2.01568276e-01  2.05520272e+00  2.45081037e-02
    -5.70462272e-02  7.73110271e-01  7.17593968e-01 -6.56055570e-01
    -1.10802555e+00 -1.30450845e-01  1.86915979e-01 -6.43661022e-01]]]]
	OpName : Ops.IDENTITY
	Original : [[[[ 1.06813443e+00 -1.70813829e-01  1.92448020e-01  7.31901407e-01
    -1.73994422e+00 -6.32457256e-01  2.72196561e-01 -7.63801217e-01
     1.03977792e-01 -3.33340466e-02  1.16867793e+00 -3.12692851e-01
    -1.05380774e+00 -2.18509868e-01  1.90189791e+00 -4.72820312e-01
    -1.70209348e+00 -1.37862217e+00 -1.71486902e+00  1.57099426e+00
    -1.42105114e+00 -1.41240501e+00 -2.70439148e+00  9.54137370e-02
     6.23315215e-01  9.28799033e-01  5.19950032e-01 -2.15913489e-01
     7.07682371e-01  1.21585929e+00 -1.21482886e-01  7.18184471e-01
     1.83118057e+00  1.27980039e-01 -1.72625229e-01  2.14808248e-02
    -8.62110198e-01  4.33958441e-01 -5.62671721e-01 -1.20551705e+00
    -8.55187953e-01 -7.87385285e-01 -1.00370741e+00  6.02781177e-01
     1.17829633e+00  1.03648297e-01 -6.85889959e-01 -1.79701400e+00
     7.99556494e-01  1.63235161e-02  7.62170181e-02  2.42419809e-01
     1.07929194e+00 -1.44133043e+00 -3.23832482e-01  8.61734211e-01
    -1.65610003e+00  5.66778004e-01  7.13770747e-01  1.52070999e+00
    -9.89284396e-01 -3.51969987e-01 -3.16599458e-01 -1.45045269e+00]]

  [[ 4.68734652e-02  5.80530465e-01 -2.05024287e-01 -1.96627691e-01
    -8.51371884e-01 -1.37588584e+00 -3.39945376e-01  1.20271659e+00
    -1.56421053e+00  2.58531392e-01 -1.01441765e+00 -2.56971061e-01
    -1.68289453e-01 -5.96626759e-01  6.03446662e-01  2.58890569e-01
     2.59655267e-01  6.20317817e-01  4.75967407e-01  2.99495943e-02
    -1.28508657e-01 -1.35859954e+00  1.00713611e+00 -6.06561720e-01
    -1.90252602e+00  5.64074516e-01  1.82388350e-01 -1.05834737e-01
    -8.35066319e-01 -9.71489489e-01  1.76433599e+00  5.97859800e-01
     3.87877166e-01 -2.65668607e+00 -5.14375269e-01 -1.02748662e-01
    -2.15549961e-01 -1.61237574e+00  5.68913043e-01  9.24094677e-01
    -2.37018056e-02  1.21707439e+00  3.38494480e-02 -5.66823125e-01
    -3.36896479e-01  7.25213766e-01  1.12678848e-01  7.55018294e-02
     1.07487941e+00 -1.16386986e+00 -1.37362587e+00  1.72181390e-02
     1.75366402e-01 -1.26755154e+00  1.60679877e+00 -1.64384305e+00
    -1.50631964e-02  1.45874977e+00 -3.73450160e-01  4.02173966e-01
    -4.80829597e-01 -7.66846314e-02  1.25440314e-01  4.50082779e-01]]

  [[-2.46898040e-01  1.31706750e+00  1.04771920e-01 -4.98070046e-02
    -8.45280290e-01 -5.34035079e-02 -9.39808428e-01  2.57990694e+00
    -4.12886590e-01  6.40347064e-01  4.08530474e-01  9.65117216e-01
    -4.05204386e-01 -4.96571630e-01 -5.97390711e-01 -1.49204564e+00
    -2.36211210e-01 -6.11951828e-01  3.45500410e-01 -8.08314264e-01
     2.42134809e-01  1.19581652e+00 -6.95302665e-01  2.65681952e-01
     1.65063751e+00 -1.64356112e+00  8.56865823e-01  1.68346906e+00
    -7.93183316e-03  1.39520094e-01  1.03220999e+00 -9.96902287e-01
    -2.36158466e+00  7.05593750e-02  1.40060234e+00  8.38871360e-01
     2.13416314e+00 -2.38452703e-01 -1.07122445e+00  5.85820913e-01
     1.78985214e+00 -6.60891354e-01 -4.06586468e-01  6.16841614e-01
    -8.25550020e-01 -7.60888159e-01  3.52536365e-02 -9.60447609e-01
    -5.92610300e-01 -1.62418091e+00 -4.32886928e-01  1.95555195e-01
    -3.59244794e-01  3.04949015e-01  1.68087855e-01  2.43500516e-01
    -1.10347085e-01  1.05421059e-02 -6.05760105e-02 -5.23159444e-01
    -3.81855458e-01 -3.95286113e-01 -2.30351403e-01 -1.63889635e+00]]]


 [[[ 2.09933352e+00  4.13205922e-01 -4.26958263e-01  3.46022159e-01
     1.28903615e+00  6.99416876e-01  2.57010198e+00 -3.91230941e-01
     2.66870141e+00  4.01760101e-01  7.71653116e-01  3.40920210e-01
    -4.53899264e-01  2.34817243e+00  1.70314360e+00 -2.49687791e-01
     6.17097877e-02 -6.32934272e-02 -6.73231304e-01  3.23524594e-01
    -5.06709039e-01  2.07528186e+00  7.50873923e-01  1.01553142e+00
    -8.06899965e-01 -1.31725445e-01  5.26241437e-02 -4.67302710e-01
     8.68124962e-01  2.97825903e-01  1.31184864e+00 -4.33223605e-01
    -9.33576822e-01  1.33822715e+00 -4.01281193e-02 -1.82017803e-01
    -7.84700513e-01 -3.96441370e-02  3.61617625e-01 -1.70039678e+00
    -2.51645982e-01  3.86990100e-01  2.54501015e-01 -3.04843634e-01
     9.27845299e-01 -1.08493245e+00 -8.58079016e-01 -4.43312466e-01
     1.86302602e+00 -2.87288934e-01  8.71660292e-01  5.59901834e-01
    -7.20330607e-03  9.79606628e-01 -1.88524023e-01 -8.83947313e-01
     1.08689570e+00  2.22418606e-02  1.17779970e+00 -2.10565853e+00
    -1.00877917e+00  7.29157865e-01  1.72618881e-01  1.18175375e+00]]

  [[-2.80115843e-01 -5.22672951e-01  1.64458132e+00 -1.16437948e+00
     4.75128561e-01 -3.32326978e-01 -4.69143271e-01  7.64038861e-01
    -1.35055885e-01 -3.85937579e-02  4.80724335e-01  1.01821315e+00
     9.13533926e-01 -8.02069783e-01 -5.99116921e-01 -1.72737277e+00
     8.33282590e-01 -3.57482135e-01  9.03420001e-02  2.85478473e-01
    -2.25713301e+00 -7.49684453e-01 -3.15576553e-01  2.48283195e+00
    -1.33106697e+00  4.61416543e-01  1.59123909e+00 -5.27243972e-01
     1.27393097e-01 -8.95234585e-01  1.34789681e+00 -4.41192478e-01
    -3.67239654e-01 -1.02883339e+00 -9.60001290e-01 -3.27232838e-01
     6.40415549e-01  1.62391424e+00  2.09736869e-01  1.90544677e+00
    -1.21183276e+00 -1.33304107e+00  1.27931166e+00  5.01131177e-01
    -1.14538348e+00  1.31245601e+00 -6.88921213e-01 -1.02155499e-01
    -1.22917686e-02  9.93209124e-01  5.73186874e-01 -1.74443507e+00
     3.89893144e-01  1.01069883e-02  3.68661173e-02 -8.13270569e-01
     8.36311936e-01 -9.99451339e-01  1.65843010e+00  5.24717152e-01
     1.28349185e+00 -3.01822162e+00 -1.56116158e-01  1.33913708e+00]]

  [[ 1.33665848e+00 -4.33859140e-01  7.72460878e-01 -9.37792063e-01
     1.25764215e+00 -1.61057186e+00 -7.79645681e-01 -9.65189561e-02
     5.09648383e-01  1.36880076e+00  1.20489144e+00 -6.72978580e-01
    -6.78264081e-01 -1.16084129e-01 -6.81739926e-01 -3.64106268e-01
     2.70548433e-01  1.09032643e+00 -5.47406137e-01 -1.93996990e+00
     1.28135920e+00  9.80891526e-01 -2.23500490e+00 -6.10050559e-01
     8.39786172e-01 -1.85616040e+00  3.86127770e-01 -7.73848236e-01
     8.48686337e-01 -3.95465493e-01 -5.66335976e-01 -7.36243948e-02
    -5.98170459e-01 -2.33374968e-01 -1.15486288e+00 -3.06329638e-01
    -3.72923821e-01  1.49995732e+00 -9.39990580e-01  3.21720690e-01
    -3.27557921e-02 -6.29800916e-01 -1.90124601e-01 -1.23282984e-01
     7.05117583e-01 -1.52275395e+00  1.71796367e-01  3.67534220e-01
    -2.79118448e-01 -2.79350966e-01 -4.66192007e-01 -6.38767123e-01
     8.91994536e-01 -1.46177924e+00 -1.05216241e+00  3.10357679e-02
     1.53189689e-01  2.77030557e-01  1.13221452e-01  6.18200481e-01
    -3.94663393e-01  6.86613679e-01  5.79961725e-02 -3.65092278e-01]]]


 [[[ 9.92487133e-01  1.00079566e-01 -8.85175228e-01 -7.08097756e-01
     7.76011229e-01 -1.06909907e+00 -3.03534359e-01 -6.86350644e-01
     1.73305511e+00  3.13986123e-01 -5.11445105e-01 -3.09322685e-01
    -2.21356273e+00 -1.07551074e+00 -2.54391813e+00 -3.82670730e-01
    -5.95163047e-01 -9.75863218e-01  1.35421360e+00 -1.25879392e-01
     4.88886386e-01  5.85956573e-01 -1.66503177e-03  1.10060692e+00
    -1.52529418e+00  1.24606657e+00 -9.28143859e-01  1.27118778e+00
    -5.91014624e-01  1.37230766e+00  1.01418182e-01 -1.41472459e-01
    -1.23068988e-01 -2.34104067e-01  9.76164281e-01 -4.89913613e-01
    -1.56170111e-02  2.32618853e-01 -1.15519571e+00 -1.54909968e+00
    -6.53603315e-01  1.07608700e+00  2.53547251e-01  2.13413477e+00
    -1.17687953e+00  5.54440796e-01 -2.13778710e+00 -3.09425026e-01
     4.73737091e-01 -1.27177107e+00  1.44502163e+00  9.20414507e-01
    -3.90940219e-01 -1.73076439e+00 -9.55699235e-02 -1.32177377e+00
     3.16564292e-01 -4.26024944e-02  1.02759671e+00  5.94802380e-01
     5.88641703e-01 -2.64620870e-01  5.51347613e-01  1.23471402e-01]]

  [[-2.23546192e-01 -1.80421138e+00 -3.59679103e-01  2.49592587e-02
    -2.39946455e-01 -2.23410702e+00 -1.03262258e+00  7.02695310e-01
     2.60718048e-01 -7.13473797e-01 -7.94640839e-01  2.61318016e+00
    -8.79902542e-01  2.91188747e-01  5.85205734e-01  1.05785525e+00
    -6.02307975e-01 -3.10001105e-01  1.53414154e+00  3.11093867e-01
    -4.56626564e-01 -1.79927588e+00  3.36846530e-01 -1.69186509e+00
     4.19734538e-01 -3.84144813e-01  3.06269199e-01  3.45127612e-01
    -1.42461807e-01 -1.58631790e+00 -3.26553911e-01 -1.06080163e+00
     8.18028092e-01 -5.97839244e-02 -6.44644260e-01  1.64222372e+00
    -9.15461361e-01 -6.37749195e-01 -1.19833658e-02  1.16690588e+00
    -1.54688582e-01 -4.59580988e-01  6.81101084e-02 -3.76873761e-01
     6.27736673e-02 -1.98006749e+00 -8.60786363e-02 -2.91429102e-01
     4.88169432e-01 -2.39464626e-01  6.12583756e-02 -1.54403377e+00
     2.52400112e+00  2.26761699e-01 -4.41889971e-01 -1.04070890e+00
     2.01224828e+00 -5.05074440e-03  1.29413915e+00 -2.78696156e+00
    -6.15661502e-01 -7.72882044e-01 -2.66279131e-01 -2.91309327e-01]]

  [[ 1.67357481e+00  5.28796136e-01 -9.22570765e-01 -4.35325742e-01
     8.61265659e-02  9.81631815e-01 -7.17702627e-01  5.69904268e-01
    -1.32056630e+00 -5.73382676e-01 -1.13401115e+00 -1.17861521e+00
     4.08383599e-03  9.43295538e-01 -1.59782386e+00  1.06786585e+00
    -5.90733826e-01 -2.23509550e-01  6.89666927e-01  8.02600265e-01
    -7.80644119e-01 -9.24319550e-02  1.53050646e-01 -5.26889503e-01
    -3.00969988e-01 -3.48240197e-01  1.32476223e+00  5.82968533e-01
    -9.35460627e-01  1.66083670e+00 -8.76586199e-01 -2.41886526e-01
    -1.68211043e+00 -1.39858961e+00 -6.72873735e-01 -1.44678640e+00
    -3.91183078e-01 -2.68920779e-01 -6.54319048e-01 -6.02052748e-01
    -1.28626555e-01  1.63417900e+00  8.94096851e-01 -1.28001654e+00
     9.91020918e-01 -1.12717092e+00 -2.41797850e-01 -1.21349084e+00
    -1.27724874e+00  2.57615745e-01  1.23347080e+00 -2.08199129e-01
     1.71790457e+00 -2.01568276e-01  2.05520272e+00  2.45081037e-02
    -5.70462272e-02  7.73110271e-01  7.17593968e-01 -6.56055570e-01
    -1.10802555e+00 -1.30450845e-01  1.86915979e-01 -6.43661022e-01]]]]
	Time : 0:00:00.123979
 }
{
	Count : 21
	Injected : 1.0
	OpName : Ops.SUB
	Original : 1.0
	Time : 0:00:00.199798
 }

---------------------------------------
Done injections
