Starting log at 2022-04-12 15:31:19.517960

{
	Count : 5
	Injected : [[-0.41467494  0.8194857  -0.09006134 ... -0.30449733 -0.2465575
   0.4794506 ]
 [ 0.45010382  2.2982416   0.19617245 ... -1.7386732  -1.3756605
   0.05855933]
 [-1.1617403   0.21159801  1.5590822  ...  0.25513887  0.03099382
   0.4297991 ]
 ...
 [-0.7965882   0.4810418  -1.699316   ...  1.4756869  -0.1727113
   0.13734192]
 [-0.20968942 -0.7989832   1.8754258  ...  1.2255336  -1.0188494
  -0.6368831 ]
 [ 1.5183367   1.9048716   0.96410525 ...  0.11008295  0.5285942
   0.0728815 ]]
	OpName : Ops.IDENTITY
	Original : [[-0.41467494  0.8194857  -0.09006134 ... -0.30449733 -0.2465575
   0.4794506 ]
 [ 0.45010382  2.2982416   0.19617245 ... -1.7386732  -1.3756605
   0.05855933]
 [-1.1617403   0.21159801  1.5590822  ...  0.25513887  0.03099382
   0.4297991 ]
 ...
 [-0.7965882   0.4810418  -1.699316   ...  1.4756869  -0.1727113
   0.13734192]
 [-0.20968942 -0.7989832   1.8754258  ...  1.2255336  -1.0188494
  -0.6368831 ]
 [ 1.5183367   1.9048716   0.96410525 ...  0.11008295  0.5285942
   0.0728815 ]]
	Time : 0:00:00.022325
 }
{
	Count : 14
	Injected : [ 0.5176131   1.1018717  -0.11171699  3.1688201  -0.65942377  1.268519
  0.8222529  -1.3072208  -0.6824315  -0.37937066 -1.0945745  -0.57126576
  0.02550892  1.3474435  -0.29101178  0.4430484  -2.8785129   1.2438016
 -0.8214901   1.215479   -0.57817996  0.66644603  1.7689828   0.6795627
 -0.61087394 -1.4313743  -0.03786558 -0.02449466 -0.29561627 -0.58558184
 -1.1142656   2.2626047   0.60643184 -0.4135853   1.2673867   1.209459
 -0.06686159 -1.2222613  -0.03927122 -0.35859656 -0.15457134  1.2352626
  0.6247182  -1.2473764  -0.1928158  -0.02370854 -0.20450982  1.7818124
  0.7718061  -0.40238285  0.09804476  1.5636111   1.3612903   0.35195193
  0.41814655  0.9983412  -0.56988776  0.6532168   1.3311653  -1.3300133
  1.0443654  -1.7022687  -0.9908435   0.23502864]
	OpName : Ops.IDENTITY
	Original : [ 0.5176131   1.1018717  -0.11171699  3.1688201  -0.65942377  1.268519
  0.8222529  -1.3072208  -0.6824315  -0.37937066 -1.0945745  -0.57126576
  0.02550892  1.3474435  -0.29101178  0.4430484  -2.8785129   1.2438016
 -0.8214901   1.215479   -0.57817996  0.66644603  1.7689828   0.6785861
 -0.61087394 -1.4313743  -0.03786558 -0.02449466 -0.29561627 -0.58558184
 -1.1142656   2.2626047   0.60643184 -0.4135853   1.2673867   1.209459
 -0.06686159 -1.2222613  -0.03927122 -0.35859656 -0.15457134  1.2352626
  0.6247182  -1.2473764  -0.1928158  -0.02370854 -0.20450982  1.7818124
  0.7718061  -0.40238285  0.09804476  1.5636111   1.3612903   0.35195193
  0.41814655  0.9983412  -0.56988776  0.6532168   1.3311653  -1.3300133
  1.0443654  -1.7022687  -0.9908435   0.23502864]
	Time : 0:00:00.152773
 }
{
	Count : 21
	Injected : 1.0
	OpName : Ops.SUB
	Original : 1.0
	Time : 0:00:00.195602
 }

---------------------------------------
Done injections
