Starting log at 2022-06-12 20:41:34.992946

{
	Count : 1
	Time : 0:00:00.002203
	TotalInstance : 1
	Instance : 1
	Injected : [[[[2.        2.        2.        ... 2.        2.        2.       ]
   [2.        2.        2.        ... 2.        2.        2.       ]
   [2.        2.        2.        ... 2.        2.        2.       ]
   [2.        2.        2.        ... 2.        2.        2.       ]
   [2.        2.        2.        ... 2.        2.        2.       ]]

  [[2.        2.        2.        ... 2.        2.        2.       ]
   [2.        2.        2.        ... 2.        2.        2.       ]
   [2.        2.        2.        ... 2.        2.        2.       ]
   [2.        2.        2.        ... 2.        2.        2.       ]
   [2.        2.        2.        ... 2.        2.        2.       ]]

  [[2.        2.        2.        ... 2.        2.        2.       ]
   [2.        2.        2.        ... 2.        2.        2.       ]
   [2.        2.        2.        ... 2.        2.        2.       ]
   [2.        2.        2.        ... 2.        2.        2.       ]
   [2.        2.        2.        ... 2.        2.        2.       ]]

  ...

  [[0.5810506 2.        0.5810506 ... 2.        2.        2.       ]
   [2.        2.        2.        ... 2.        2.        2.       ]
   [2.        2.        2.        ... 2.        2.        2.       ]
   [2.        2.        2.        ... 2.        2.        2.       ]
   [2.        2.        2.        ... 2.        2.        2.       ]]

  [[2.        2.        2.        ... 2.        2.        2.       ]
   [2.        2.        2.        ... 2.        2.        2.       ]
   [2.        2.        2.        ... 2.        2.        2.       ]
   [2.        2.        2.        ... 2.        2.        2.       ]
   [2.        2.        2.        ... 2.        2.        2.       ]]

  [[2.        2.        2.        ... 2.        2.        2.       ]
   [2.        2.        2.        ... 2.        2.        2.       ]
   [2.        2.        2.        ... 2.        2.        2.       ]
   [2.        2.        2.        ... 2.        2.        2.       ]
   [2.        2.        2.        ... 2.        2.        2.       ]]]]
	OpName : Ops.ADD
	Original : [[[[2. 2. 2. ... 2. 2. 2.]
   [2. 2. 2. ... 2. 2. 2.]
   [2. 2. 2. ... 2. 2. 2.]
   [2. 2. 2. ... 2. 2. 2.]
   [2. 2. 2. ... 2. 2. 2.]]

  [[2. 2. 2. ... 2. 2. 2.]
   [2. 2. 2. ... 2. 2. 2.]
   [2. 2. 2. ... 2. 2. 2.]
   [2. 2. 2. ... 2. 2. 2.]
   [2. 2. 2. ... 2. 2. 2.]]

  [[2. 2. 2. ... 2. 2. 2.]
   [2. 2. 2. ... 2. 2. 2.]
   [2. 2. 2. ... 2. 2. 2.]
   [2. 2. 2. ... 2. 2. 2.]
   [2. 2. 2. ... 2. 2. 2.]]

  ...

  [[2. 2. 2. ... 2. 2. 2.]
   [2. 2. 2. ... 2. 2. 2.]
   [2. 2. 2. ... 2. 2. 2.]
   [2. 2. 2. ... 2. 2. 2.]
   [2. 2. 2. ... 2. 2. 2.]]

  [[2. 2. 2. ... 2. 2. 2.]
   [2. 2. 2. ... 2. 2. 2.]
   [2. 2. 2. ... 2. 2. 2.]
   [2. 2. 2. ... 2. 2. 2.]
   [2. 2. 2. ... 2. 2. 2.]]

  [[2. 2. 2. ... 2. 2. 2.]
   [2. 2. 2. ... 2. 2. 2.]
   [2. 2. 2. ... 2. 2. 2.]
   [2. 2. 2. ... 2. 2. 2.]
   [2. 2. 2. ... 2. 2. 2.]]]]
 }

---------------------------------------
Done injections
