Starting log at 2022-05-15 18:44:40.746971

{
	Count : 7
	Injected : [-6.6496724e-01  8.3433419e-01  3.8730663e-01  9.3273383e-01
  1.4700300e-01  8.0094141e-01 -8.4577501e-02  1.5487630e+00
  1.6571362e+00  3.2993957e-01 -1.3679383e+00  2.5648323e-01
  1.3376855e+00  1.2697803e+00 -1.0556828e+00 -1.4920177e-02
 -6.4020187e-01  4.7163239e-01 -5.2021104e-01  7.1024823e-01
  7.1388853e-01 -2.7874811e+00 -1.1312413e+00  5.0569028e-01
  7.1515250e-01 -1.6181039e+00  1.2440146e+00 -2.2588391e+00
  5.6233692e-01 -9.7975411e-02  1.0625870e+00  5.8121437e-01
  1.0405678e+00 -3.6703926e-01 -8.2419324e-01  3.9464900e-01
  1.4169526e+00 -7.0366776e-01 -3.0558720e-01  8.9897519e-01
  3.5454998e+00  3.2752362e-01  1.1453870e-01  4.5850432e-01
  8.0896968e-01 -1.9578059e+00  2.8445986e-01 -1.7552892e+00
 -1.2172772e+00 -1.8363074e+00 -1.2568992e-01 -1.4624178e+00
  7.9382324e-01  1.5588875e+00  2.2487072e-02 -4.7775909e-01
 -1.2028679e+00  1.5883788e+00 -9.4030392e-01 -1.0010161e+00
 -5.8019173e-01  1.4574346e-01  9.3515790e-01  1.0693263e+00
  1.6991918e+00 -9.0280160e-02  2.2721848e+00 -1.4701493e+00
 -1.5153582e+00 -1.1344170e-02  1.5950959e+00  6.3320673e-01
  7.8029096e-01 -1.1152365e+00  3.5954958e-01  8.1691390e-01
 -8.5871100e-02 -4.9460915e-01  1.0811720e+00 -7.9175633e-01
 -1.2218541e+00 -7.3130870e-01  1.6688296e-01 -2.2971919e-01
  6.4049256e-01 -2.8622085e-01  2.9201454e-01  1.2017169e+00
  8.0211264e-01 -4.4772446e-01 -4.4252867e-01  6.7737043e-01
 -3.3619499e-01 -5.8278769e-01 -1.2331703e+00 -6.0055393e-01
 -3.7026837e-01  1.0930868e+00 -6.7897052e-01 -3.9867553e-01
 -2.1528749e+00 -1.2330272e+00  1.9109114e-01  6.2002301e-02
 -2.5851629e+00  3.6351507e+00 -2.3516622e+00 -6.4155161e-01
  1.1710767e+00 -1.2342006e+00  2.2293301e+00 -1.9579611e+00
 -1.3023051e+00  1.9494681e-01 -3.7043154e-01  4.4717437e-01
 -4.8883340e-01 -2.3281932e-01 -2.2536974e-01  1.2252047e+00
 -2.6069517e+00 -5.7071179e-01 -7.5768125e-01 -3.1087468e+00
  1.5195743e+00  1.4246697e+00  1.0839581e+00 -5.7945359e-01
  7.9620260e-01 -9.3984050e-01 -6.8403572e-01 -7.3750043e-01
 -1.5893978e+00 -1.0720097e+00  2.0989635e+00  1.2029570e+00
 -1.1382277e+00 -2.4935260e+00 -1.2806968e-01 -1.6951147e+00
 -7.2844857e-01  1.1593330e+00 -1.2727579e+00 -1.0538533e+00
  3.6966689e-02  1.0728660e+00  1.2905930e+00 -3.3656511e-01
  8.1642634e-01  4.0666518e-01 -9.0819043e-01 -2.2509661e+00
 -5.9987378e-01  2.4635911e+00 -1.7415464e+00 -1.9023135e-01
 -3.7412317e+00 -1.4974444e-01  1.4924581e+00  1.7421929e+00
 -1.5477842e+00 -4.9753052e-01  5.0942206e-01  8.9307910e-01
 -3.4241346e-01  3.4967345e-01  2.4236321e-01  2.7702376e-01
  1.5859593e+00 -9.8934871e-01  1.7096277e-02 -2.2524681e-02
 -1.8933285e+00 -6.7339742e-01  2.6110688e-01  1.2234567e+00
 -7.9215892e-02  8.9884889e-01  1.9192641e+00 -1.0569870e+00
  4.0468359e-01 -2.8181009e+00  2.2193880e+00 -2.5711104e-01
  9.7280753e-01  1.2621519e-01  5.1813298e-01  1.7100767e+00
  1.5275612e+00  7.8682818e-02 -1.9667134e+00 -6.5187502e-01
 -1.0617970e+00 -5.0157863e-01  3.1289822e-01 -1.4085817e+00
  2.5133417e+00  1.9015652e+00 -1.8551581e+00 -9.4242863e-02
 -2.0786712e+00  5.1280254e-01  2.5951749e-01  1.6565416e+00
  2.5559000e+04 -1.7043719e+00 -1.8950193e+00 -2.1183860e+00
 -1.0445554e+00  1.3778576e+00 -4.0119815e-01  6.6582054e-01
  1.4451649e+00  3.0824226e-01  9.1364342e-01 -3.8632137e-01
  4.5735860e-01  1.5435600e+00 -7.8109574e-01  1.0436465e+00
 -5.5653316e-01  7.5768091e-02 -1.0745635e+00  1.7213152e-01
  2.6223087e+00 -1.6155620e+00 -1.1473335e-01  1.1777318e-02
 -1.5511856e+00  5.4026544e-02  1.2590818e+00  4.6971619e-01
  1.3170190e+00  9.5992988e-01  5.0032371e-01  3.2138145e-01
 -3.3210307e-01 -4.7291636e-01  8.0831254e-01  8.1346852e-01
  1.4540457e+00 -1.2963157e+00 -1.1544274e+00 -3.0402188e+00
 -2.8632724e+00 -1.8325318e+00 -1.4559374e+00 -6.2660031e-02
 -1.6399159e+00 -5.2736914e-01  1.7389722e+00 -1.2441404e+00
  1.3372480e+00 -3.6193398e-01 -6.5227401e-01 -6.0562122e-01]
	OpName : Ops.IDENTITY
	Original : [-0.66496724  0.8343342   0.38730663  0.93273383  0.147003    0.8009414
 -0.0845775   1.548763    1.6571362   0.32993957 -1.3679383   0.25648323
  1.3376855   1.2697803  -1.0556828  -0.01492018 -0.64020187  0.4716324
 -0.52021104  0.71024823  0.7138885  -2.787481   -1.1312413   0.5056903
  0.7151525  -1.6181039   1.2440146  -2.2588391   0.5623369  -0.09797541
  1.062587    0.58121437  1.0405678  -0.36703926 -0.82419324  0.394649
  1.4169526  -0.70366776 -0.3055872   0.8989752   3.5454998   0.32752362
  0.1145387   0.45850432  0.8089697  -1.9578059   0.28445986 -1.7552892
 -1.2172772  -1.8363074  -0.12568992 -1.4624178   0.79382324  1.5588875
  0.02248707 -0.4777591  -1.2028679   1.5883788  -0.9403039  -1.0010161
 -0.58019173  0.14574346  0.9351579   1.0693263   1.6991918  -0.09028016
  2.2721848  -1.4701493  -1.5153582  -0.01134417  1.5950959   0.6332067
  0.78029096 -1.1152365   0.35954958  0.8169139  -0.0858711  -0.49460915
  1.081172   -0.79175633 -1.2218541  -0.7313087   0.16688296 -0.22971919
  0.64049256 -0.28622085  0.29201454  1.2017169   0.80211264 -0.44772446
 -0.44252867  0.6773704  -0.336195   -0.5827877  -1.2331703  -0.60055393
 -0.37026837  1.0930868  -0.6789705  -0.39867553 -2.152875   -1.2330272
  0.19109114  0.0620023  -2.5851629   3.6351507  -2.3516622  -0.6415516
  1.1710767  -1.2342006   2.22933    -1.9579611  -1.3023051   0.19494681
 -0.37043154  0.44717437 -0.4888334  -0.23281932 -0.22536974  1.2252047
 -2.6069517  -0.5707118  -0.75768125 -3.1087468   1.5195743   1.4246697
  1.0839581  -0.5794536   0.7962026  -0.9398405  -0.6840357  -0.7375004
 -1.5893978  -1.0720097   2.0989635   1.202957   -1.1382277  -2.493526
 -0.12806968 -1.6951147  -0.72844857  1.159333   -1.2727579  -1.0538533
  0.03696669  1.072866    1.290593   -0.3365651   0.81642634  0.40666518
 -0.9081904  -2.250966   -0.5998738   2.463591   -1.7415464  -0.19023135
 -3.7412317  -0.14974444  1.4924581   1.7421929  -1.5477842  -0.49753052
  0.50942206  0.8930791  -0.34241346  0.34967345  0.24236321  0.27702376
  1.5859593  -0.9893487   0.01709628 -0.02252468 -1.8933285  -0.6733974
  0.26110688  1.2234567  -0.07921589  0.8988489   1.9192641  -1.056987
  0.4046836  -2.818101    2.219388   -0.25711104  0.9728075   0.12621519
  0.518133    1.7100767   1.5275612   0.07868282 -1.9667134  -0.651875
 -1.061797   -0.5015786   0.31289822 -1.4085817   2.5133417   1.9015652
 -1.8551581  -0.09424286 -2.0786712   0.51280254  0.2595175   1.6565416
 -0.41621256 -1.7043719  -1.8950193  -2.118386   -1.0445554   1.3778576
 -0.40119815  0.66582054  1.4451649   0.30824226  0.9136434  -0.38632137
  0.4573586   1.54356    -0.78109574  1.0436465  -0.55653316  0.07576809
 -1.0745635   0.17213152  2.6223087  -1.615562   -0.11473335  0.01177732
 -1.5511856   0.05402654  1.2590818   0.4697162   1.317019    0.9599299
  0.5003237   0.32138145 -0.33210307 -0.47291636  0.80831254  0.8134685
  1.4540457  -1.2963157  -1.1544274  -3.0402188  -2.8632724  -1.8325318
 -1.4559374  -0.06266003 -1.639916   -0.52736914  1.7389722  -1.2441404
  1.337248   -0.36193398 -0.652274   -0.6056212 ]
	Time : 0:00:00.011318
 }
{
	Count : 15
	Injected : [-6.4309889e-01 -6.4223967e-02  3.6531999e+00 -4.9397085e-02
 -7.2936666e-01  5.0430769e-01 -1.1472083e+00 -1.7330183e+00
 -1.0693877e+00  2.8842545e-01 -1.4453590e+00 -5.8288532e-01
 -5.2215356e-01  3.9354008e-01 -1.3658381e+00 -7.1222973e-01
 -4.9840674e-01  2.0609663e+00 -1.0986180e+00  1.1695118e+00
 -1.7406444e-01 -1.4102142e+00  6.8015015e-01  4.1059324e-01
  8.9526452e-02 -1.2533034e+00 -1.8957807e+00 -3.9357924e-01
  6.5632677e-01  1.7774928e+00  2.7295456e+00 -1.9369764e+00
 -1.1729467e+00  1.0174546e+00  4.0153071e-02  9.3087596e-01
  6.5802014e-01 -4.3763584e-01  4.4393265e-01 -5.2333283e-01
  1.1415318e+00  7.6964831e-01  1.7301012e+00  4.1157073e-01
 -5.7214773e-01  1.1029457e+00  1.9669914e+00  4.1134298e-02
  1.5066972e-01  4.9287021e-01  6.3836944e-01  5.2686232e-01
  1.4915299e+00  1.0887359e+00 -1.2047793e+00  7.1305388e-01
 -1.0481762e-01 -7.2163087e-01 -3.3168420e-01 -1.0214671e+00
 -1.6031870e-01  1.3683562e+00  5.8851544e-02  2.5559000e+04
  1.6152171e+00 -1.5485078e+00 -1.1851947e+00  1.5982310e-01
  1.1669540e+00  2.1409891e+00 -4.1865030e-01  1.6113933e+00
 -6.5052414e-01 -2.6599112e+00  5.3898185e-01 -1.9584179e-01
  2.6237411e+00  9.8470338e-02 -3.9092168e-01  1.3397911e-01
 -1.4195758e-01 -2.0865278e-02  1.0610830e+00 -6.2760323e-01
 -3.8829505e-01  1.4116618e-01 -7.7349186e-02 -1.1628221e+00
 -1.5116013e+00  1.2378427e-01  7.3473811e-01 -6.4142805e-01
  9.4123513e-01  7.8004175e-01  3.5324600e-01  1.2193764e+00
 -1.7939527e-02 -1.2367330e-01  2.4895592e-01 -4.0464509e-01
  7.7452558e-01  6.0298425e-01 -5.9456068e-01  1.7418726e-01
 -7.0768976e-01  6.4068061e-01 -1.7817050e-01  7.7399111e-01
 -4.0806916e-01 -3.2983312e-01  6.5654737e-01  1.9546201e+00
 -6.7215812e-01  8.0878958e-03  1.5911542e-01  1.2265983e+00
 -8.9275968e-01 -3.8633302e-02  1.6271800e-02 -2.6585019e-01
 -6.8234265e-01 -4.5000625e-01 -1.4377912e+00  2.0477071e+00
 -3.3438339e+00 -1.1420763e+00 -8.1954193e-01 -1.6166358e+00
 -4.1441965e-01  9.3372726e-01  6.5321088e-01  1.4098319e+00
  1.5674174e-01  9.7522426e-01  7.0899189e-01  6.8175179e-01
  1.6415390e-01  1.7145222e+00 -1.2045939e+00 -3.2496434e-01
  2.0780031e-01 -1.6953865e-01  5.3237182e-01 -1.5726969e+00
 -1.1204357e+00  1.1805459e+00  2.5702196e-01  1.5234928e+00
  1.6021243e+00 -1.2712601e+00  7.0089883e-01 -3.1397250e-01
  5.3577119e-01  5.1288986e-01 -1.1926570e+00 -3.8162106e-01
  6.1964786e-01 -7.3333907e-01  2.5812588e+00 -1.0306722e+00
 -6.3810736e-01 -1.6557117e+00 -2.3359537e-01  1.5300124e+00
 -1.3393761e+00 -1.3875163e-01  1.9610246e-01 -5.5011559e-01
  6.7882556e-01 -5.7124943e-01 -2.7486262e+00 -1.8993136e+00
  9.1260535e-01  9.4229668e-01 -7.0423418e-01 -2.6174217e-01
 -1.0267036e+00  5.3091943e-01 -1.2812001e+00 -1.2374227e+00
 -3.5668147e-01 -2.7356770e+00 -6.6849731e-02  4.8117530e-01
 -2.1140659e+00 -3.6171404e-01  1.3815932e+00 -9.9800742e-01
  6.0007083e-01 -1.6701807e+00  9.4631398e-01 -5.1208515e-02
 -1.7700707e+00 -2.2720382e-01  5.0627160e-01  6.5140009e-01
 -1.7683225e+00  2.9724977e+00 -1.1681540e+00 -1.0183243e+00
  5.9535462e-01 -6.1167896e-02  8.0820400e-01 -1.6140629e-01
  9.4241112e-01 -4.8646954e-01 -1.7096876e+00  1.2135572e-01
  6.4872307e-01 -3.0816343e-01 -3.2942232e-01 -2.2456865e+00
  8.6452228e-01 -1.0659236e+00 -9.4552165e-01  1.4487948e-01
  1.2926980e+00  6.5222420e-02 -4.1579476e-01  5.8239663e-01
  5.1952618e-01  2.6246436e+00  2.2807570e+00  5.3463781e-01
 -2.2402234e-01 -9.7459465e-02  9.5444918e-01 -8.9348537e-01
 -1.0764468e+00 -2.4202420e-01  1.0000947e+00 -7.4792677e-01
 -1.3126403e-02 -9.8967075e-01  3.0875024e-01  1.2425506e+00
  5.6877937e-02  1.3076392e-01  9.5684904e-01  1.5415267e+00
 -4.4840702e-01  6.7165428e-01 -1.1401577e+00  8.4838200e-01
 -1.2767117e-01 -6.3328564e-01 -2.5084677e+00  2.0039344e+00
 -7.9630792e-01  2.4170326e-02 -1.2637565e+00  5.9054047e-01
  6.6400951e-01  1.8119985e+00  1.1659187e+00 -5.6392604e-01]
	OpName : Ops.IDENTITY
	Original : [-0.6430989  -0.06422397  3.6532     -0.04939708 -0.72936666  0.5043077
 -1.1472083  -1.7330183  -1.0693877   0.28842545 -1.445359   -0.5828853
 -0.52215356  0.39354008 -1.365838   -0.7122297  -0.49840674  2.0609663
 -1.098618    1.1695118  -0.17406444 -1.4102142   0.68015015  0.41059324
  0.08952645 -1.2533034  -1.8957807  -0.39357924  0.6563268   1.7774928
  2.7295456  -1.9369764  -1.1729467   1.0174546   0.04015307  0.93087596
  0.65802014 -0.43763584  0.44393265 -0.52333283  1.1415318   0.7696483
  1.7301012   0.41157073 -0.5721477   1.1029457   1.9669914   0.0411343
  0.15066972  0.4928702   0.63836944  0.5268623   1.49153     1.0887359
 -1.2047793   0.7130539  -0.10481762 -0.7216309  -0.3316842  -1.0214671
 -0.1603187   1.3683562   0.05885154 -1.1402599   1.6152171  -1.5485078
 -1.1851947   0.1598231   1.166954    2.140989   -0.4186503   1.6113933
 -0.65052414 -2.6599112   0.53898185 -0.19584179  2.6237411   0.09847034
 -0.39092168  0.13397911 -0.14195758 -0.02086528  1.061083   -0.62760323
 -0.38829505  0.14116618 -0.07734919 -1.1628221  -1.5116013   0.12378427
  0.7347381  -0.64142805  0.9412351   0.78004175  0.353246    1.2193764
 -0.01793953 -0.1236733   0.24895592 -0.4046451   0.7745256   0.60298425
 -0.5945607   0.17418726 -0.70768976  0.6406806  -0.1781705   0.7739911
 -0.40806916 -0.32983312  0.65654737  1.9546201  -0.6721581   0.0080879
  0.15911542  1.2265983  -0.8927597  -0.0386333   0.0162718  -0.2658502
 -0.68234265 -0.45000625 -1.4377912   2.047707   -3.343834   -1.1420763
 -0.81954193 -1.6166358  -0.41441965  0.93372726  0.6532109   1.4098319
  0.15674174  0.97522426  0.7089919   0.6817518   0.1641539   1.7145222
 -1.2045939  -0.32496434  0.20780031 -0.16953865  0.5323718  -1.5726969
 -1.1204357   1.1805459   0.25702196  1.5234928   1.6021243  -1.2712601
  0.7008988  -0.3139725   0.5357712   0.51288986 -1.192657   -0.38162106
  0.61964786 -0.7333391   2.5812588  -1.0306722  -0.63810736 -1.6557117
 -0.23359537  1.5300124  -1.3393761  -0.13875163  0.19610246 -0.5501156
  0.67882556 -0.5712494  -2.7486262  -1.8993136   0.91260535  0.9422967
 -0.7042342  -0.26174217 -1.0267036   0.53091943 -1.2812     -1.2374227
 -0.35668147 -2.735677   -0.06684973  0.4811753  -2.114066   -0.36171404
  1.3815932  -0.9980074   0.60007083 -1.6701807   0.946314   -0.05120851
 -1.7700707  -0.22720382  0.5062716   0.6514001  -1.7683225   2.9724977
 -1.168154   -1.0183243   0.5953546  -0.0611679   0.808204   -0.1614063
  0.9424111  -0.48646954 -1.7096876   0.12135572  0.64872307 -0.30816343
 -0.32942232 -2.2456865   0.8645223  -1.0659236  -0.94552165  0.14487948
  1.292698    0.06522242 -0.41579476  0.5823966   0.5195262   2.6246436
  2.280757    0.5346378  -0.22402234 -0.09745947  0.9544492  -0.89348537
 -1.0764468  -0.2420242   1.0000947  -0.7479268  -0.0131264  -0.98967075
  0.30875024  1.2425506   0.05687794  0.13076392  0.95684904  1.5415267
 -0.44840702  0.6716543  -1.1401577   0.848382   -0.12767117 -0.63328564
 -2.5084677   2.0039344  -0.7963079   0.02417033 -1.2637565   0.59054047
  0.6640095   1.8119985   1.1659187  -0.56392604]
	Time : 0:00:00.119306
 }
{
	Count : 22
	Injected : [[-0.02654464  0.13065052 -0.39646617 ...  0.10833653 -0.5245773
  -0.05024316]
 [-0.93995607  1.063937    1.2525173  ... -1.5183967  -1.0047709
  -0.8089097 ]
 [-2.0207207   1.7347107  -0.2328818  ... -0.91675115  0.14425585
  -0.9090507 ]
 ...
 [-0.34835306  1.7265404   0.03206693 ... -0.639544    0.16473389
  -0.25520587]
 [ 0.20836091 -0.8070842   1.9400345  ...  1.1930151  -0.69127136
  -0.5724636 ]
 [ 0.16744313  0.5855937   0.12510495 ... -1.9641436   0.8513373
  -0.1807919 ]]
	OpName : Ops.IDENTITY
	Original : [[-0.02654464  0.13065052 -0.39646617 ...  0.10833653 -0.5245773
  -0.05024316]
 [-0.93995607  1.063937    1.2525173  ... -1.5183967  -1.0047709
  -0.8089097 ]
 [-2.0207207   1.7347107  -0.2328818  ... -0.91675115  0.14425585
  -0.9090507 ]
 ...
 [-0.34835306  1.7265404   0.03206693 ... -0.639544    0.16473389
  -0.25520587]
 [ 0.20836091 -0.8070842   1.9400345  ...  1.1930151  -0.69127136
  -0.5724636 ]
 [ 0.16744313  0.5855937   0.12510495 ... -1.9641436   0.8513373
  -0.1807919 ]]
	Time : 0:00:00.163826
 }
