Starting log at 2022-05-15 18:44:40.742618

{
	Count : 5
	Injected : [[-0.52689993 -2.2855632   0.44071573 ... -1.4328297   0.7139927
   1.546152  ]
 [-1.1346738  -0.4010035  -0.5628681  ...  0.21036823 -0.71508
  -0.56493187]
 [ 0.9351795   0.02645222  1.9497631  ... -0.45668703  1.2880169
  -0.09017346]
 ...
 [ 0.06441429  0.9005286  -0.09459347 ... -2.2062867  -0.8913255
  -1.3495504 ]
 [-0.16403654 -0.00340614  0.02609982 ...  1.7671924   0.61998326
  -0.2875502 ]
 [ 0.0870899   0.20290071  0.1565327  ... -0.38204774 -0.82640433
   0.2844909 ]]
	OpName : Ops.IDENTITY
	Original : [[-0.52689993 -2.2855632   0.44071573 ... -1.4328297   0.7139927
   1.546152  ]
 [-1.1346738  -0.4010035  -0.5628681  ...  0.21036823 -0.71508
  -0.56493187]
 [ 0.9351795   0.02645222  1.9497631  ... -0.45668703  1.2880169
  -0.09017346]
 ...
 [ 0.06441429  0.9005286  -0.09459347 ... -2.2062867  -0.8913255
  -1.3495504 ]
 [-0.16403654 -0.00340614  0.02609982 ...  1.7671924   0.61998326
  -0.2875502 ]
 [ 0.0870899   0.20290071  0.1565327  ... -0.38204774 -0.82640433
   0.2844909 ]]
	Time : 0:00:00.014941
 }
{
	Count : 10
	Injected : [[-0.52689993 -2.2855632   0.44071573 ... -1.4328297   0.7139927
   1.546152  ]
 [-1.1346738  -0.4010035  -0.5628681  ...  0.21036823 -0.71508
  -0.56493187]
 [ 0.9351795   0.02645222  1.9497631  ... -0.45668703  1.2880169
  -0.09017346]
 ...
 [ 0.06441429  0.9005286  -0.09459347 ... -2.2062867  -0.8913255
  -1.3495504 ]
 [-0.16403654 -0.00340614  0.02609982 ...  1.7671924   0.61998326
  -0.2875502 ]
 [ 0.0870899   0.20290071  0.1565327  ... -0.38204774 -0.82640433
   0.2844909 ]]
	OpName : Ops.IDENTITY
	Original : [[-0.52689993 -2.2855632   0.44071573 ... -1.4328297   0.7139927
   1.546152  ]
 [-1.1346738  -0.4010035  -0.5628681  ...  0.21036823 -0.71508
  -0.56493187]
 [ 0.9351795   0.02645222  1.9497631  ... -0.45668703  1.2880169
  -0.09017346]
 ...
 [ 0.06441429  0.9005286  -0.09459347 ... -2.2062867  -0.8913255
  -1.3495504 ]
 [-0.16403654 -0.00340614  0.02609982 ...  1.7671924   0.61998326
  -0.2875502 ]
 [ 0.0870899   0.20290071  0.1565327  ... -0.38204774 -0.82640433
   0.2844909 ]]
	Time : 0:00:00.083668
 }
{
	Count : 14
	Injected : [[-0.05337018  0.09330337  0.33423454 ...  0.15040268  0.25613186
   0.00192373]
 [-0.30844048 -0.5118672  -0.20124526 ... -0.2936322  -0.25934988
  -0.23765965]
 [ 0.09834581  0.21444835 -0.07116101 ...  0.05796605  0.06010754
   0.2799895 ]
 ...
 [ 0.6962657   0.81761247  0.69150364 ...  0.86304647  0.67458576
   0.7539627 ]
 [-0.05399052 -0.5829111  -0.0866545  ... -0.3284108  -0.10013524
  -0.17055804]
 [-0.0093339  -0.18789564 -0.24425961 ... -0.37844703 -0.01249977
  -0.5834121 ]]
	OpName : Ops.IDENTITY
	Original : [[-0.05337018  0.09330337  0.33423454 ...  0.15040268  0.25613186
   0.00192373]
 [-0.30844048 -0.5118672  -0.20124526 ... -0.2936322  -0.25934988
  -0.23765965]
 [ 0.09834581  0.21444835 -0.07116101 ...  0.05796605  0.06010754
   0.2799895 ]
 ...
 [ 0.6962657   0.81761247  0.69150364 ...  0.86304647  0.67458576
   0.7539627 ]
 [-0.05399052 -0.5829111  -0.0866545  ... -0.3284108  -0.10013524
  -0.17055804]
 [-0.0093339  -0.18789564 -0.24425961 ... -0.37844703 -0.01249977
  -0.5834121 ]]
	Time : 0:00:00.114284
 }
{
	Count : 19
	Injected : [-6.6496724e-01  8.3433419e-01  3.8730663e-01  9.3273383e-01
  1.4700300e-01  8.0094141e-01 -8.4577501e-02  1.5487630e+00
  1.6571362e+00  3.2993957e-01 -1.3679383e+00  2.5648323e-01
  1.3376855e+00  1.2697803e+00 -1.0556828e+00 -1.4920177e-02
 -6.4020187e-01  4.7163239e-01 -5.2021104e-01  7.1024823e-01
  7.1388853e-01 -2.7874811e+00 -1.1312413e+00  5.0569028e-01
  7.1515250e-01 -1.6181039e+00  1.2440146e+00 -2.2588391e+00
  5.6233692e-01 -9.7975411e-02  1.0625870e+00  5.8121437e-01
  1.0405678e+00 -3.6703926e-01 -8.2419324e-01  3.9464900e-01
  1.4169526e+00 -7.0366776e-01 -3.0558720e-01  8.9897519e-01
  3.5454998e+00  3.2752362e-01  1.1453870e-01  4.5850432e-01
  8.0896968e-01 -1.9578059e+00  2.8445986e-01 -1.7552892e+00
 -1.2172772e+00 -1.8363074e+00 -1.2568992e-01 -1.4624178e+00
  7.9382324e-01  1.5588875e+00  2.2487072e-02 -4.7775909e-01
 -1.2028679e+00  1.5883788e+00 -9.4030392e-01 -1.0010161e+00
 -5.8019173e-01  1.4574346e-01  9.3515790e-01  1.0693263e+00
  1.6991918e+00 -9.0280160e-02  2.2721848e+00 -1.4701493e+00
 -1.5153582e+00 -1.1344170e-02  1.5950959e+00  6.3320673e-01
  7.8029096e-01 -1.1152365e+00  3.5954958e-01  8.1691390e-01
 -8.5871100e-02 -4.9460915e-01  1.0811720e+00 -7.9175633e-01
 -1.2218541e+00 -7.3130870e-01  1.6688296e-01 -2.2971919e-01
  6.4049256e-01 -2.8622085e-01  2.9201454e-01  1.2017169e+00
  8.0211264e-01 -4.4772446e-01 -4.4252867e-01  6.7737043e-01
 -3.3619499e-01 -5.8278769e-01 -1.2331703e+00 -6.0055393e-01
 -3.7026837e-01  1.0930868e+00 -6.7897052e-01 -3.9867553e-01
 -2.1528749e+00 -1.2330272e+00  1.9109114e-01  6.2002301e-02
 -2.5851629e+00  3.6351507e+00 -2.3516622e+00  2.5559000e+04
  1.1710767e+00 -1.2342006e+00  2.2293301e+00 -1.9579611e+00
 -1.3023051e+00  1.9494681e-01 -3.7043154e-01  4.4717437e-01
 -4.8883340e-01 -2.3281932e-01 -2.2536974e-01  1.2252047e+00
 -2.6069517e+00 -5.7071179e-01 -7.5768125e-01 -3.1087468e+00
  1.5195743e+00  1.4246697e+00  1.0839581e+00 -5.7945359e-01
  7.9620260e-01 -9.3984050e-01 -6.8403572e-01 -7.3750043e-01
 -1.5893978e+00 -1.0720097e+00  2.0989635e+00  1.2029570e+00
 -1.1382277e+00 -2.4935260e+00 -1.2806968e-01 -1.6951147e+00
 -7.2844857e-01  1.1593330e+00 -1.2727579e+00 -1.0538533e+00
  3.6966689e-02  1.0728660e+00  1.2905930e+00 -3.3656511e-01
  8.1642634e-01  4.0666518e-01 -9.0819043e-01 -2.2509661e+00
 -5.9987378e-01  2.4635911e+00 -1.7415464e+00 -1.9023135e-01
 -3.7412317e+00 -1.4974444e-01  1.4924581e+00  1.7421929e+00
 -1.5477842e+00 -4.9753052e-01  5.0942206e-01  8.9307910e-01
 -3.4241346e-01  3.4967345e-01  2.4236321e-01  2.7702376e-01
  1.5859593e+00 -9.8934871e-01  1.7096277e-02 -2.2524681e-02
 -1.8933285e+00 -6.7339742e-01  2.6110688e-01  1.2234567e+00
 -7.9215892e-02  8.9884889e-01  1.9192641e+00 -1.0569870e+00
  4.0468359e-01 -2.8181009e+00  2.2193880e+00 -2.5711104e-01
  9.7280753e-01  1.2621519e-01  5.1813298e-01  1.7100767e+00
  1.5275612e+00  7.8682818e-02 -1.9667134e+00 -6.5187502e-01
 -1.0617970e+00 -5.0157863e-01  3.1289822e-01 -1.4085817e+00
  2.5133417e+00  1.9015652e+00 -1.8551581e+00 -9.4242863e-02
 -2.0786712e+00  5.1280254e-01  2.5951749e-01  1.6565416e+00
 -4.1621256e-01 -1.7043719e+00 -1.8950193e+00 -2.1183860e+00
 -1.0445554e+00  1.3778576e+00 -4.0119815e-01  6.6582054e-01
  1.4451649e+00  3.0824226e-01  9.1364342e-01 -3.8632137e-01
  4.5735860e-01  1.5435600e+00 -7.8109574e-01  1.0436465e+00
 -5.5653316e-01  7.5768091e-02 -1.0745635e+00  1.7213152e-01
  2.6223087e+00 -1.6155620e+00 -1.1473335e-01  1.1777318e-02
 -1.5511856e+00  5.4026544e-02  1.2590818e+00  4.6971619e-01
  1.3170190e+00  9.5992988e-01  5.0032371e-01  3.2138145e-01
 -3.3210307e-01 -4.7291636e-01  8.0831254e-01  8.1346852e-01
  1.4540457e+00 -1.2963157e+00 -1.1544274e+00 -3.0402188e+00
 -2.8632724e+00 -1.8325318e+00 -1.4559374e+00 -6.2660031e-02
 -1.6399159e+00 -5.2736914e-01  1.7389722e+00 -1.2441404e+00
  1.3372480e+00 -3.6193398e-01 -6.5227401e-01 -6.0562122e-01]
	OpName : Ops.IDENTITY
	Original : [-0.66496724  0.8343342   0.38730663  0.93273383  0.147003    0.8009414
 -0.0845775   1.548763    1.6571362   0.32993957 -1.3679383   0.25648323
  1.3376855   1.2697803  -1.0556828  -0.01492018 -0.64020187  0.4716324
 -0.52021104  0.71024823  0.7138885  -2.787481   -1.1312413   0.5056903
  0.7151525  -1.6181039   1.2440146  -2.2588391   0.5623369  -0.09797541
  1.062587    0.58121437  1.0405678  -0.36703926 -0.82419324  0.394649
  1.4169526  -0.70366776 -0.3055872   0.8989752   3.5454998   0.32752362
  0.1145387   0.45850432  0.8089697  -1.9578059   0.28445986 -1.7552892
 -1.2172772  -1.8363074  -0.12568992 -1.4624178   0.79382324  1.5588875
  0.02248707 -0.4777591  -1.2028679   1.5883788  -0.9403039  -1.0010161
 -0.58019173  0.14574346  0.9351579   1.0693263   1.6991918  -0.09028016
  2.2721848  -1.4701493  -1.5153582  -0.01134417  1.5950959   0.6332067
  0.78029096 -1.1152365   0.35954958  0.8169139  -0.0858711  -0.49460915
  1.081172   -0.79175633 -1.2218541  -0.7313087   0.16688296 -0.22971919
  0.64049256 -0.28622085  0.29201454  1.2017169   0.80211264 -0.44772446
 -0.44252867  0.6773704  -0.336195   -0.5827877  -1.2331703  -0.60055393
 -0.37026837  1.0930868  -0.6789705  -0.39867553 -2.152875   -1.2330272
  0.19109114  0.0620023  -2.5851629   3.6351507  -2.3516622  -0.6415516
  1.1710767  -1.2342006   2.22933    -1.9579611  -1.3023051   0.19494681
 -0.37043154  0.44717437 -0.4888334  -0.23281932 -0.22536974  1.2252047
 -2.6069517  -0.5707118  -0.75768125 -3.1087468   1.5195743   1.4246697
  1.0839581  -0.5794536   0.7962026  -0.9398405  -0.6840357  -0.7375004
 -1.5893978  -1.0720097   2.0989635   1.202957   -1.1382277  -2.493526
 -0.12806968 -1.6951147  -0.72844857  1.159333   -1.2727579  -1.0538533
  0.03696669  1.072866    1.290593   -0.3365651   0.81642634  0.40666518
 -0.9081904  -2.250966   -0.5998738   2.463591   -1.7415464  -0.19023135
 -3.7412317  -0.14974444  1.4924581   1.7421929  -1.5477842  -0.49753052
  0.50942206  0.8930791  -0.34241346  0.34967345  0.24236321  0.27702376
  1.5859593  -0.9893487   0.01709628 -0.02252468 -1.8933285  -0.6733974
  0.26110688  1.2234567  -0.07921589  0.8988489   1.9192641  -1.056987
  0.4046836  -2.818101    2.219388   -0.25711104  0.9728075   0.12621519
  0.518133    1.7100767   1.5275612   0.07868282 -1.9667134  -0.651875
 -1.061797   -0.5015786   0.31289822 -1.4085817   2.5133417   1.9015652
 -1.8551581  -0.09424286 -2.0786712   0.51280254  0.2595175   1.6565416
 -0.41621256 -1.7043719  -1.8950193  -2.118386   -1.0445554   1.3778576
 -0.40119815  0.66582054  1.4451649   0.30824226  0.9136434  -0.38632137
  0.4573586   1.54356    -0.78109574  1.0436465  -0.55653316  0.07576809
 -1.0745635   0.17213152  2.6223087  -1.615562   -0.11473335  0.01177732
 -1.5511856   0.05402654  1.2590818   0.4697162   1.317019    0.9599299
  0.5003237   0.32138145 -0.33210307 -0.47291636  0.80831254  0.8134685
  1.4540457  -1.2963157  -1.1544274  -3.0402188  -2.8632724  -1.8325318
 -1.4559374  -0.06266003 -1.639916   -0.52736914  1.7389722  -1.2441404
  1.337248   -0.36193398 -0.652274   -0.6056212 ]
	Time : 0:00:00.166319
 }
{
	Count : 25
	Injected : [-2.4700711e+00  9.7424602e-03  1.6752594e+00 -7.2222191e-01
  2.5559000e+04  4.8176994e+00 -2.0315607e+00  6.6016930e-01
 -1.8149553e-01  2.1156986e-01]
	OpName : Ops.IDENTITY
	Original : [-2.470071    0.00974246  1.6752594  -0.7222219  -0.02048297  4.8176994
 -2.0315607   0.6601693  -0.18149553  0.21156986]
	Time : 0:00:00.265298
 }
